Sample File,C:\Users\VanceLab\Desktop\VL_CU_SMPS_APS_CADR_20220706\VL_CU_APS_smokeEater_SCAN2.A21
Sample Time,155
Density,1
Stokes Correction,off
Lower Channel Bound,0.486968
Upper Channel Bound,20.5353
Sample #,1,2,3,4,5,6,7,8,9,10,11,12,13,14,15,16,17,18,19,20,21,22,23,24,25,26,27
Date,07/06/22,07/06/22,07/06/22,07/06/22,07/06/22,07/06/22,07/06/22,07/06/22,07/06/22,07/06/22,07/06/22,07/06/22,07/06/22,07/06/22,07/06/22,07/06/22,07/06/22,07/06/22,07/06/22,07/06/22,07/06/22,07/06/22,07/06/22,07/06/22,07/06/22,07/06/22,07/06/22
Start Time,11:25:00,11:28:00,11:31:00,11:34:00,11:37:00,11:40:00,11:43:00,11:46:00,11:49:00,11:52:00,11:55:00,11:58:00,12:01:00,12:04:00,12:07:00,12:10:00,12:13:00,12:16:00,12:19:00,12:22:00,12:25:00,12:28:00,12:31:00,12:34:00,12:37:00,12:40:00,12:43:00
Aerodynamic Diameter,dM,dM,dM,dM,dM,dM,dM,dM,dM,dM,dM,dM,dM,dM,dM,dM,dM,dM,dM,dM,dM,dM,dM,dM,dM,dM,dM
<0.523,3.25359e-006,2.9451e-006,2.76823e-006,2.2006e-006,2.18826e-006,0.0009063,0.00263493,0.00219421,0.00187142,0.00142151,0.00100042,0.00074012,0.000530229,0.000393022,0.000286551,0.000210056,0.000155642,0.000114246,8.71189e-005,6.5549e-005,5.00173e-005,3.84508e-005,2.99363e-005,2.31494e-005,1.79297e-005,1.45239e-005,1.10688e-005
0.542,2.21304e-006,1.96985e-006,1.70234e-006,1.60506e-006,1.6537e-006,0.000981982,0.00268714,0.00215596,0.00195528,0.00147778,0.00100847,0.000734486,0.000521986,0.000370234,0.000271304,0.000195793,0.000141975,0.00010377,7.85751e-005,5.96062e-005,4.58415e-005,3.38765e-005,2.66538e-005,2.03551e-005,1.51265e-005,1.23055e-005,1.07004e-005
0.583,2.62553e-006,2.17285e-006,2.1125e-006,1.81071e-006,1.84089e-006,0.00172838,0.00480288,0.00390495,0.00330762,0.00247536,0.00175011,0.00128352,0.000917789,0.000670114,0.000493811,0.000357314,0.000260531,0.000193112,0.000145672,0.000112234,8.66123e-005,6.27713e-005,5.03076e-005,3.80249e-005,2.91826e-005,2.43842e-005,1.93142e-005
0.626,2.77127e-006,1.87248e-006,2.58403e-006,1.98483e-006,1.79758e-006,0.0025786,0.00730141,0.00600797,0.00491216,0.00368115,0.00266226,0.00195008,0.00142282,0.00103945,0.000764272,0.000567624,0.00042247,0.000311019,0.000234472,0.00017841,0.000136017,0.000104934,8.05542e-005,6.39266e-005,4.99953e-005,3.96592e-005,3.16075e-005
0.673,2.46305e-006,2.0448e-006,1.85891e-006,1.67302e-006,1.95185e-006,0.00334998,0.00972515,0.00808866,0.00644692,0.00490477,0.00355618,0.00263881,0.0019275,0.00142996,0.00106669,0.000792266,0.000580955,0.00042964,0.000332094,0.000248582,0.000190817,0.000145599,0.000117111,8.82052e-005,6.68277e-005,5.27e-005,4.28943e-005
0.723,2.13378e-006,1.49941e-006,1.49941e-006,1.3264e-006,1.26873e-006,0.00395539,0.0114839,0.00967184,0.00759118,0.00580053,0.0042671,0.00315822,0.00233482,0.00173078,0.00127998,0.000938228,0.000691748,0.000526236,0.000402304,0.000305073,0.000231486,0.000178545,0.00013685,0.000103632,8.16603e-005,6.2341e-005,5.08647e-005
0.777,1.2166e-006,1.35973e-006,1.28816e-006,5.00952e-007,1.07347e-006,0.00446269,0.0131595,0.0111352,0.00869767,0.00656383,0.00483733,0.00355991,0.00262363,0.00195421,0.00143759,0.00106832,0.000790215,0.00058275,0.000445346,0.000335924,0.000257561,0.000199164,0.000150429,0.000120228,8.86684e-005,6.9847e-005,5.15265e-005
0.835,1.15449e-006,7.10457e-007,9.76878e-007,7.99264e-007,7.99264e-007,0.00499815,0.0146233,0.01233,0.00953478,0.00716025,0.005243,0.00384286,0.00277282,0.00208421,0.00151665,0.00112208,0.000816226,0.00060824,0.000458866,0.000351765,0.000260294,0.000204256,0.000152482,0.000120511,8.98728e-005,7.33547e-005,5.48828e-005
0.898,9.91837e-007,7.71429e-007,7.71429e-007,6.61225e-007,3.30612e-007,0.00550778,0.0162035,0.0135895,0.0104176,0.00780752,0.00566361,0.00415866,0.00297022,0.00219934,0.00160865,0.00116761,0.000864661,0.00064767,0.000475531,0.000368192,0.000276723,0.000214237,0.000162992,0.000126735,9.46653e-005,7.90163e-005,5.32286e-005
0.965,9.57295e-007,2.73513e-007,1.09405e-006,6.83782e-007,6.83782e-007,0.00617182,0.0180339,0.014872,0.0114127,0.00841298,0.0060661,0.00440944,0.00316933,0.00233717,0.00167321,0.0012252,0.000896302,0.000665457,0.000504358,0.000379773,0.000275154,0.000214571,0.000161236,0.000130329,9.17636e-005,7.12501e-005,5.86685e-005
1.037,8.48531e-007,3.39412e-007,3.39412e-007,0,1.69706e-007,0.00680759,0.0197886,0.0163434,0.0123572,0.00912188,0.00643305,0.0046547,0.00334304,0.00247415,0.00178887,0.00126414,0.000940003,0.000679843,0.000522525,0.000376239,0.000290198,0.000214509,0.000154942,0.000124904,9.48658e-005,7.17857e-005,5.04027e-005
1.114,6.31785e-007,4.2119e-007,4.2119e-007,1.26357e-006,6.31785e-007,0.00745106,0.0217007,0.0177416,0.0132532,0.00958712,0.00684181,0.00489085,0.00347102,0.00252145,0.00182501,0.00129747,0.000911244,0.000676009,0.000495951,0.000359275,0.000271036,0.000198591,0.000153524,0.000120881,7.91837e-005,6.5495e-005,4.19084e-005
1.197,5.2267e-007,2.61335e-007,0,1.30668e-006,5.2267e-007,0.00813798,0.0237807,0.0192319,0.0142085,0.0101861,0.00719247,0.00505213,0.00358865,0.00257624,0.00183875,0.00134248,0.000899777,0.000665621,0.000497843,0.00036404,0.000259506,0.000186071,0.000148961,0.000110283,8.38886e-005,6.14138e-005,4.70403e-005
1.286,3.24301e-007,1.2972e-006,6.48601e-007,9.72902e-007,0,0.00923543,0.026857,0.0211097,0.0153501,0.0109341,0.00755394,0.00528253,0.00365325,0.00261224,0.00182614,0.0012891,0.000893448,0.000638548,0.000450778,0.000322679,0.000231875,0.000173177,0.000138476,9.33986e-005,6.12928e-005,5.02666e-005,3.3403e-005
1.382,8.04874e-007,8.04874e-007,8.04874e-007,4.02437e-007,1.20731e-006,0.0107233,0.0307635,0.0238657,0.0172315,0.0119777,0.00815377,0.00559267,0.003898,0.00273214,0.00185483,0.00134172,0.000859605,0.00060446,0.000431815,0.000303437,0.000233011,0.000141255,0.000116304,7.76703e-005,5.15119e-005,4.789e-005,2.8573e-005
1.486,1.4982e-006,9.98798e-007,0,0,4.99399e-007,0.0129419,0.036603,0.0273786,0.0190686,0.0131097,0.0088094,0.00599179,0.00403814,0.00276018,0.00190171,0.00131642,0.000928882,0.00063124,0.000454453,0.000320115,0.000202756,0.000153316,9.6384e-005,7.79063e-005,5.14381e-005,4.14501e-005,2.79663e-005
1.596,6.19723e-007,1.23945e-006,0,0,1.23945e-006,0.016106,0.0441646,0.0319963,0.0213891,0.0144135,0.00920475,0.00630444,0.00413417,0.00288481,0.00195461,0.00131133,0.000841584,0.000618484,0.000418313,0.00031296,0.000195833,0.000146874,9.04796e-005,8.0564e-005,4.15215e-005,3.34651e-005,1.98311e-005
1.715,0,0,7.69038e-007,0,0,0.01854,0.0508288,0.0354034,0.0231857,0.0151877,0.00968988,0.00649453,0.0042374,0.00285851,0.00195797,0.00127122,0.000857477,0.000589852,0.000403745,0.000306077,0.000178417,0.00011228,7.99799e-005,5.9985e-005,4.0759e-005,3.15306e-005,1.69188e-005
1.843,9.54328e-007,0,1.90866e-006,0,0,0.0198834,0.0541219,0.0370384,0.0234517,0.0149954,0.00943163,0.00625753,0.004012,0.00273129,0.00176646,0.0011681,0.000776823,0.000507703,0.000358827,0.000234765,0.000172733,0.000122154,7.92092e-005,5.72597e-005,3.24472e-005,1.90866e-005,1.81322e-005
1.981,0,1.18426e-006,1.18426e-006,0,0,0.019551,0.0546975,0.037791,0.0238949,0.0152865,0.00951673,0.00603855,0.00389148,0.00267762,0.00172073,0.00102794,0.000774507,0.000491469,0.000328041,0.000196587,0.000142111,9.35567e-005,7.57928e-005,4.73705e-005,3.31593e-005,1.30269e-005,1.65797e-005
2.129,1.4696e-006,0,0,0,1.4696e-006,0.0208624,0.0581842,0.03961,0.0248582,0.015638,0.00948036,0.00619875,0.00388855,0.00239985,0.00163713,0.0010052,0.000612821,0.00039973,0.000301267,0.000163125,0.00011022,9.11149e-005,6.02534e-005,3.67399e-005,2.49831e-005,1.61656e-005,8.81757e-006
2.288,0,0,0,0,0,0.0258342,0.0687562,0.0416528,0.0243661,0.0149596,0.00846003,0.0052996,0.00332456,0.00210817,0.00134587,0.000807889,0.000468685,0.000266257,0.000180544,8.57128e-005,5.47103e-005,4.55919e-005,1.82368e-005,1.45894e-005,1.45894e-005,5.47103e-006,3.64735e-006
2.458,0,0,0,0,0,0.0316105,0.0825794,0.0449061,0.0244683,0.0141283,0.00818778,0.00484297,0.00274737,0.00163846,0.0011338,0.000547663,0.000332671,0.000219518,0.00011768,7.24182e-005,4.07352e-005,4.75244e-005,1.58415e-005,6.78921e-006,9.05228e-006,2.26307e-006,4.52614e-006
2.642,0,0,0,0,0,0.031765,0.0795403,0.0410577,0.0219724,0.0124914,0.00663608,0.00378001,0.00224105,0.00126936,0.000758248,0.000454949,0.000230283,0.000109525,7.02082e-005,3.65083e-005,1.96583e-005,1.96583e-005,1.40416e-005,1.12333e-005,2.80833e-006,0,0
2.839,0,0,0,0,0,0.0245585,0.0630569,0.0332918,0.0177733,0.00984153,0.00529017,0.00287509,0.00170066,0.00084336,0.000505319,0.000240462,0.000139398,6.27293e-005,3.83346e-005,3.13646e-005,1.04549e-005,1.04549e-005,3.48496e-006,0,0,0,0
3.051,0,0,0,0,0,0.0263412,0.0675073,0.0338012,0.0174412,0.00944064,0.00472681,0.00242179,0.00130603,0.000704913,0.000397865,0.000177309,6.91939e-005,3.45969e-005,1.72985e-005,2.16231e-005,0,0,0,0,0,0,0
3.278,0,0,5.36658e-006,0,0,0.0364606,0.0849637,0.0365411,0.0170174,0.00758835,0.00361708,0.00179781,0.000933785,0.000515192,0.000252229,9.12319e-005,1.60997e-005,5.36658e-006,1.60997e-005,0,0,5.36658e-006,0,0,0,0,0
3.523,0,0,0,0,0,0.0354956,0.0799218,0.031713,0.0123336,0.00582714,0.00267716,0.00130528,0.000639321,0.000293022,0.000119873,4.66172e-005,1.99788e-005,1.33192e-005,6.65959e-006,0,0,0,0,0,0,0,0
3.786,0,0,0,0,0,0.0260486,0.0615844,0.0224867,0.00876825,0.00456181,0.00190902,0.00106607,0.000611547,0.000223132,5.7849e-005,3.30566e-005,3.30566e-005,0,8.26414e-006,8.26414e-006,0,0,0,0,0,8.26414e-006,0
4.068,0,0,0,0,0,0.0260895,0.0572963,0.0192902,0.00732228,0.00312786,0.0011691,0.000512764,0.000225616,0.000143574,6.15317e-005,1.02553e-005,0,0,0,0,0,0,0,0,0,0,0
4.371,0,0,0,0,0,0.03123,0.0653489,0.0181602,0.00534499,0.00209982,0.000750844,0.000229071,0.000101809,2.54523e-005,2.54523e-005,0,0,0,0,0,0,0,0,0,0,0,0
4.698,0,0,0,0,0,0.026626,0.0545153,0.0133604,0.00353749,0.00113705,0.000300055,9.47543e-005,4.73772e-005,4.73772e-005,0,0,1.57924e-005,0,0,0,0,0,0,0,0,0,0
5.048,0,0,0,0,0,0.0253002,0.0460146,0.0104846,0.00260645,0.000921076,0.000352753,7.83895e-005,1.95974e-005,1.95974e-005,0,1.95974e-005,0,0,0,0,0,0,0,0,0,0,0
5.425,0,0,0,0,0,0.0247325,0.0411479,0.00839009,0.00226168,0.000413425,7.29573e-005,9.72764e-005,0,0,0,0,0,0,0,0,0,0,0,0,0,0,0
5.829,0,0,0,0,0,0.0238108,0.041254,0.00555285,0.000965712,0.000362142,0.000150893,3.01785e-005,0,3.01785e-005,0,0,0,0,0,0,0,0,0,0,0,0,0
6.264,0,0,0,0,0,0.0231064,0.0326935,0.00288362,0.00101114,0.000224698,0,7.48993e-005,0,3.74496e-005,0,0,0,0,0,0,0,0,0,0,0,0,0
6.732,0,0,0,0,0,0.0160795,0.023794,0.00311367,0.000743563,0.000325309,4.64727e-005,9.29454e-005,0,0,0,0,0,0,0,0,0,0,0,0,0,0,0
7.234,0,0,0,0,0,0.0153401,0.01955,0.00207611,0.000749706,0.000115339,0.000173009,5.76697e-005,0,0,0,0,0,0,0,0,0,0,0,0,0,0,0
7.774,0,0,0,0,0,0.00951808,0.0143129,0.00164598,0.000572516,7.15645e-005,7.15645e-005,0,7.15645e-005,0,0,0,7.15645e-005,0,0,0,0,0,0,0,0,0,0
8.354,0,0,0,0,0,0.00648292,0.00799264,0.000799264,0.000355228,0,0,0,0,0,0,0,0,0,0,0,0,0,0,0,0,0,0
8.977,0,0,0,0,0,0.00462857,0.00418776,0.000661225,0.000220408,0,0,0,0,0.000110204,0,0,0,0,0,0,0,0,0,0,0,0,0
9.647,0,0,0,0,0,0.00287188,0.00396594,0.000273513,0.000136756,0,0.000136756,0,0,0,0,0,0,0,0,0,0,0,0,0,0,0,0
10.37,0,0,0,0,0,0.000678825,0.00169706,0.000339412,0.000339412,0,0,0,0,0,0,0,0,0,0,0,0,0,0,0,0,0,0
11.14,0,0,0,0,0,0.00084238,0.00126357,0.000210595,0,0,0,0,0,0,0,0,0,0,0,0,0,0,0,0,0,0,0
11.97,0,0,0,0,0,0.000261335,0.00156801,0,0.000261335,0,0,0,0,0,0,0,0,0,0,0,0,0,0,0,0,0,0
12.86,0,0,0,0,0,0.000324301,0.0012972,0,0,0,0,0,0,0,0,0,0,0,0,0,0,0,0,0,0,0,0
13.82,0,0,0,0,0,0.00201218,0,0,0,0,0,0,0,0,0,0,0,0,0,0,0,0,0,0,0,0,0
14.86,0,0,0,0,0,0.0014982,0,0.000499399,0,0,0,0,0,0,0,0,0,0,0,0,0,0,0,0,0,0,0
15.96,0,0,0,0,0,0,0,0,0,0,0,0,0,0,0,0,0,0,0,0,0,0,0,0,0,0,0
17.15,0,0,0,0,0,0.000769038,0.000769038,0,0,0,0,0,0,0,0,0,0,0,0,0,0,0,0,0,0,0,0
18.43,0,0,0,0,0,0,0,0,0,0,0,0,0,0,0,0,0,0,0,0,0,0,0,0,0,0,0
19.81,0,0,0,0,0,0,0,0,0,0,0,0,0,0,0,0,0,0,0,0,0,0,0,0,0,0,0
Event 1,600,515,471,420,410,169568,503042,423470,334655,254867,184085,137128,99505,74621,54955,40429,30100,22428,17150,12931,9957,7653,5952,4604,3626,2918,2220
Event 3,0,0,0,0,0,28171,163942,98207,57180,29492,14523,7413,3777,1925,1020,527,270,143,90,38,26,14,7,5,2,2,2
Event 4,0,0,0,0,0,0,0,1,0,0,0,0,0,0,0,0,0,0,0,0,0,0,0,0,0,0,0
Dead Time,2,2,2,1,1,4319,12527,9461,7178,5158,3565,2548,1799,1304,938,677,489,357,268,200,149,113,86,67,50,39,30
Inlet Pressure,831.7,831.1,831.4,831.7,831.7,831.4,832.3,832,830.5,832,830.5,831.1,830.8,831.4,831.1,831.1,831.1,831.7,831.1,830.5,831.7,831.1,830.8,830.8,830.8,831.1,831.1
Total Flow,4.96,4.96,4.96,4.96,4.97,4.96,4.96,4.96,4.96,4.97,4.96,4.96,4.96,4.95,4.96,4.96,4.97,4.96,4.96,4.96,4.97,4.96,4.96,4.97,4.96,4.96,4.97
Sheath Flow,3.98,3.98,3.94,3.99,4,3.96,3.98,3.99,4,3.99,3.98,3.97,3.98,3.95,3.96,3.97,3.96,3.93,3.97,3.99,3.96,3.98,3.99,3.99,3.96,3.99,4
Analog Input Voltage 0,0,0,0,0,0,0,0,0,0,0,0,0,0,0,0,0,0,0,0,0,0,0,0,0,0,0,0
Analog Input Voltage 1,0,0,0,0,0,0,0,0,0,0,0,0,0,0,0,0,0,0,0,0,0,0,0,0,0,0,0
Digital Input Level 0,0,0,0,0,0,0,0,0,0,0,0,0,0,0,0,0,0,0,0,0,0,0,0,0,0,0,0
Digital Input Level 1,0,0,0,0,0,0,0,0,0,0,0,0,0,0,0,0,0,0,0,0,0,0,0,0,0,0,0
Digital Input Level 2,0,0,0,0,0,0,0,0,0,0,0,0,0,0,0,0,0,0,0,0,0,0,0,0,0,0,0
Laser Power,75,75,75,75,75,75,75,75,75,75,75,75,75,75,75,75,75,75,75,75,75,75,75,75,75,75,75
Laser Current,41.6,41.6,41.6,41.5,41.5,41.5,41.5,41.6,41.6,41.6,41.6,41.6,41.6,41.6,41.6,41.6,41.6,41.6,41.7,41.7,41.7,41.7,41.7,41.7,41.7,41.7,41.7
Sheath Pump Voltage,2.764,2.752,2.751,2.757,2.752,2.774,2.765,2.757,2.739,2.759,2.745,2.756,2.748,2.753,2.753,2.76,2.754,2.751,2.75,2.746,2.768,2.76,2.75,2.751,2.754,2.769,2.768
Total Pump Voltage,2.881,2.885,2.884,2.885,2.886,2.882,2.887,2.881,2.885,2.883,2.885,2.885,2.887,2.886,2.877,2.883,2.883,2.879,2.882,2.882,2.878,2.88,2.888,2.88,2.883,2.877,2.878
Box Temperature,30,30,29.9,29.9,29.9,30.1,30.1,30.5,30.5,30.7,30.7,30.7,30.7,30.9,31.1,31.1,31.1,31.1,31.1,31.2,31.2,31.3,31.2,31.3,31.3,31.3,31.4
Avalanch Photo Diode Temperature,26.1,26.1,25.6,25.6,25.6,25.6,25.6,26.1,26.1,26.1,26.1,26.1,26.1,26.6,26.6,26.6,26.6,26.6,26.6,26.6,26.6,26.6,27,27,27,27,27
Avalanch Photo Diode Voltage,230,230,230,229,229,229,229,229,230,230,230,230,230,230,230,230,230,230,230,230,230,230,230,230,230,230,230
Status Flags,0000 0000 0000 0000,0000 0000 0000 0000,0000 0000 0000 0000,0000 0000 0000 0000,0000 0000 0000 0000,0000 0000 0000 0000,0000 0000 0000 0000,0000 0000 0000 0000,0000 0000 0000 0000,0000 0000 0000 0000,0000 0000 0000 0000,0000 0000 0000 0000,0000 0000 0000 0000,0000 0000 0000 0000,0000 0000 0000 0000,0000 0000 0000 0000,0000 0000 0000 0000,0000 0000 0000 0000,0000 0000 0000 0000,0000 0000 0000 0000,0000 0000 0000 0000,0000 0000 0000 0000,0000 0000 0000 0000,0000 0000 0000 0000,0000 0000 0000 0000,0000 0000 0000 0000,0000 0000 0000 0000
Median(µm),0.747786,0.752485,0.920406,0.714849,0.75336,3.21652,2.78123,2.17705,1.8996,1.74183,1.61594,1.52976,1.45457,1.39003,1.33601,1.27126,1.2286,1.18368,1.15592,1.12255,1.08601,1.07087,1.05059,1.03281,1.00605,0.992221,0.967526
Mean(µm),0.96005,0.952067,1.46935,0.823521,0.980744,3.6217,3.16646,2.41344,2.09849,1.89447,1.76308,1.66392,1.58719,1.53424,1.45808,1.39003,1.3724,1.29524,1.27428,1.236,1.19391,1.19785,1.15735,1.13742,1.11406,1.09945,1.06628
Geo. Mean(µm),0.873394,0.871902,1.17159,0.78662,0.886938,3.051,2.69581,2.09469,1.83463,1.68042,1.56929,1.49078,1.42861,1.37826,1.32735,1.2721,1.24428,1.19685,1.17748,1.14588,1.11278,1.11139,1.08056,1.0653,1.04319,1.02782,1.0032
Mode(µm),0.626434,0.582942,3.27812,0.626434,0.67317,3.27812,3.27812,2.45824,2.12875,2.12875,1.71544,1.71544,1.71544,1.59634,1.71544,1.19709,1.03663,1.03663,1.03663,0.964662,1.03663,0.964662,0.897687,0.964662,1.03663,0.897687,0.964662
Geo. Std. Dev.,1.51592,1.5015,1.92942,1.34647,1.53818,1.83418,1.79531,1.7176,1.6856,1.64379,1.62424,1.60185,1.58456,1.57857,1.54497,1.52308,1.53499,1.48724,1.48473,1.4705,1.45124,1.46478,1.44156,1.42907,1.42729,1.42399,1.4078
Total Conc.(mg/m³),2.74545e-005,2.21661e-005,2.80985e-005,1.71914e-005,1.93281e-005,0.665198,1.52872,0.764652,0.444965,0.277781,0.173091,0.113891,0.0753171,0.0514464,0.035129,0.0237086,0.0163136,0.0113964,0.00828298,0.0059203,0.00422378,0.0031579,0.00231446,0.00175467,0.00124719,0.000966956,0.000702503
