Sample File,C:\Users\VanceLab\Desktop\VL_CU_APS_Troubleshoot_27062022\20220627_troubleshooting_1.A21
Sample Time,45
Density,1
Stokes Correction,off
Lower Channel Bound,0.486968
Upper Channel Bound,20.5353
Sample #,1,2,3,4,5,6,7,8,9,10,11,12,13,14,15,16,17,18,19,20,21,22,23,24,25,26,27,28,29,30,31,32,33,34
Date,06/27/22,06/27/22,06/27/22,06/27/22,06/27/22,06/27/22,06/27/22,06/27/22,06/27/22,06/27/22,06/27/22,06/27/22,06/27/22,06/27/22,06/27/22,06/27/22,06/27/22,06/27/22,06/27/22,06/27/22,06/27/22,06/27/22,06/27/22,06/27/22,06/27/22,06/27/22,06/27/22,06/27/22,06/27/22,06/27/22,06/27/22,06/27/22,06/27/22,06/27/22
Start Time,13:19:10,13:20:10,13:21:11,13:22:10,13:23:10,13:24:10,13:25:10,13:26:11,13:27:10,13:28:10,13:46:28,13:47:28,13:48:29,13:49:28,13:50:28,13:51:28,13:52:28,13:53:28,13:54:28,14:12:16,14:13:16,14:14:16,14:15:16,14:16:16,14:17:16,14:18:16,14:20:46,14:21:47,14:22:46,14:30:00,14:31:00,14:32:00,14:33:00,14:34:00
Aerodynamic Diameter,dN/dlogDp,dN/dlogDp,dN/dlogDp,dN/dlogDp,dN/dlogDp,dN/dlogDp,dN/dlogDp,dN/dlogDp,dN/dlogDp,dN/dlogDp,dN/dlogDp,dN/dlogDp,dN/dlogDp,dN/dlogDp,dN/dlogDp,dN/dlogDp,dN/dlogDp,dN/dlogDp,dN/dlogDp,dN/dlogDp,dN/dlogDp,dN/dlogDp,dN/dlogDp,dN/dlogDp,dN/dlogDp,dN/dlogDp,dN/dlogDp,dN/dlogDp,dN/dlogDp,dN/dlogDp,dN/dlogDp,dN/dlogDp,dN/dlogDp,dN/dlogDp
<0.523,163.671,338.495,286.56,257.942,232.198,226.331,221.628,218.465,218.785,212.252,0.879982,0.933315,0.906649,9.46648,9.07715,7.77584,7.25319,7.10386,6.58654,1.40797,1.63197,1.83463,1.67997,15.877,16.5757,17.3757,21.9089,16.197,14.2984,16.1863,14.805,13.9144,15.4344,56.3455
0.542,1.02398,2.51728,2.09062,1.7493,1.45064,4.22392,4.09592,3.88259,4.26658,3.88259,0.426658,0.554656,0.554656,8.78916,9.59981,8.70383,7.03986,7.16786,5.88788,0.853316,0.981314,0.81065,1.02398,107.475,110.547,110.206,121.043,104.702,83.881,80.6811,75.6038,75.3052,77.0545,116.307
0.583,1.19464,3.15727,2.09062,2.00529,1.70663,8.06384,6.05855,5.97321,6.44254,6.91186,0.81065,0.938648,0.81065,17.0237,17.1517,15.701,15.1037,13.3117,12.5011,0.767985,0.767985,0.81065,0.81065,231.803,243.622,234.619,264.016,230.31,194.471,175.612,170.919,163.111,177.916,219.43
0.626,1.45064,2.85861,2.47462,2.09062,1.66397,13.1411,11.1784,11.6051,10.8371,11.1358,0.81065,1.15198,1.23731,31.8714,29.8234,28.5861,24.7888,24.1062,19.9676,0.682653,0.597321,0.597321,0.682653,423.288,452.172,425.037,464.716,430.242,380.067,312.911,304.463,307.023,314.404,361.081
0.673,1.45064,3.71193,3.58393,2.21862,2.17596,25.4715,22.9115,22.0156,22.6555,21.9302,1.40797,1.36531,1.15198,61.9934,65.5347,59.0922,52.8629,50.6017,43.5191,0.639987,0.51199,0.767985,0.341327,539.168,578.463,527.861,583.924,551.882,500.171,389.71,374.649,389.752,383.011,447.436
0.723,1.70663,3.75459,2.85861,2.64528,2.30395,52.6069,47.1031,49.0657,48.8524,49.3643,1.19464,0.853316,0.725319,145.064,154.066,143.357,128.125,124.712,104.275,0.51199,0.298661,0.682653,0.255995,351.609,386.552,342.862,368.163,370.723,346.532,268.112,260.56,279.248,260.773,330.575
0.777,2.04796,3.54126,3.32793,2.04796,2.38929,159.229,139.944,143.186,149.544,144.125,0.554656,0.767985,0.767985,352.121,368.334,327.161,291.962,283.984,251.259,0.255995,0.170663,0.213329,0.255995,105.982,116.051,97.5767,112.51,110.504,104.446,82.1317,79.2731,85.7583,78.5904,156.029
0.835,1.8773,3.28527,2.30395,2.47462,2.17596,425.677,405.197,409.634,406.904,411.256,0.426658,0.383992,0.383992,683.933,689.266,661.533,587.722,559.093,497.569,0.298661,0.127997,0.170663,0.213329,19.4129,20.0529,18.261,19.6689,20.9062,18.0903,14.3784,14.421,15.7864,15.701,87.8916
0.898,1.36531,3.1146,3.2426,2.73061,2.04796,263.248,297.551,277.2,261.328,272.805,0.298661,0.426658,0.298661,161.874,165.97,163.965,146.088,143.485,134.397,0.0426658,0.213329,0.0853316,0.213329,1.83463,2.09062,2.09062,2.51728,2.64528,2.77328,1.83463,1.53597,1.79196,1.57864,69.5879
0.965,1.36531,3.02927,2.47462,2.34662,1.7493,79.7424,87.6356,82.6437,81.4917,84.6916,0.298661,0.170663,0.170663,22.9115,23.2529,23.5942,21.6742,20.9916,18.389,0.170663,0.170663,0,0.0853316,0.767985,1.10931,0.639987,1.23731,0.767985,0.895982,0.51199,0.469324,0.469324,0.426658,59.1775
1.037,1.23731,2.51728,1.70663,2.00529,1.27997,40.7885,41.0445,42.0258,39.5512,41.8125,0.0853316,0.0853316,0.0426658,2.64528,1.66397,2.26129,2.26129,1.53597,2.51728,0.170663,0.213329,0.0426658,0.0426658,0.383992,0.170663,0.426658,0.341327,0.682653,0.426658,0.213329,0.213329,0.341327,0.255995,51.5403
1.114,1.06665,2.94394,3.1146,2.09062,1.79196,20.1809,19.1996,20.1809,18.8583,19.1996,0.213329,0.0426658,0.127997,0.895982,0.725319,0.853316,0.639987,0.255995,0.639987,0.298661,0.0426658,0.170663,0.127997,0.0853316,0.127997,0.0853316,0.298661,0.213329,0.255995,0.127997,0.127997,0.127997,0.0853316,44.2018
1.197,1.15198,2.81594,1.96263,1.53597,1.10931,8.4905,8.87449,8.83182,8.3625,7.93584,0.170663,0.0426658,0.213329,0.298661,0.383992,0.469324,0.341327,0.426658,0.554656,0.0426658,0.127997,0.0426658,0.170663,0.127997,0.0426658,0.0853316,0.0426658,0.469324,0.255995,0.0426658,0.0853316,0.0853316,0.0426658,37.8019
1.286,0.554656,1.79196,1.57864,1.57864,1.19464,3.15727,4.01059,3.4986,4.22392,3.79726,0.255995,0.170663,0.170663,0.170663,0.170663,0.255995,0.255995,0.213329,0,0.0426658,0.0853316,0.0426658,0.0853316,0.0426658,0,0.0426658,0.298661,0.170663,0.213329,0.0853316,0,0,0.0426658,30.3781
1.382,0.938648,1.23731,1.57864,1.40797,1.02398,2.21862,2.09062,2.00529,1.45064,1.79196,0.127997,0.0853316,0,0,0.0426658,0.0853316,0.170663,0.127997,0.0853316,0,0,0.0853316,0.0426658,0,0.0853316,0,0.170663,0.383992,0.0853316,0,0,0,0.0853316,28.3301
1.486,0.597321,1.40797,1.23731,0.81065,0.725319,1.40797,1.10931,1.19464,1.06665,1.02398,0.0426658,0.213329,0.127997,0,0.0426658,0,0.170663,0.127997,0.0853316,0.0853316,0.0853316,0,0.127997,0.0426658,0,0.0426658,0.0426658,0.213329,0,0.0426658,0,0,0,22.2716
1.596,0.554656,1.36531,0.853316,1.10931,0.682653,0.767985,0.81065,0.554656,0.597321,0.767985,0,0.127997,0.0426658,0.127997,0.0426658,0,0.127997,0.0853316,0.0426658,0.127997,0.0426658,0.0426658,0.0426658,0.127997,0,0.0426658,0.298661,0.298661,0.213329,0.0853316,0.170663,0.0426658,0.213329,18.389
1.715,0.383992,1.66397,1.19464,1.10931,0.639987,0.895982,0.853316,0.426658,0.426658,0.81065,0,0.0426658,0,0.170663,0,0,0.298661,0.127997,0.0853316,0.0426658,0.0426658,0,0.127997,0.170663,0.170663,0.127997,1.15198,0.682653,0.639987,0.51199,0.383992,0.383992,0.298661,15.061
1.843,0.639987,1.02398,0.938648,0.597321,0.853316,0.853316,0.469324,0.426658,0.767985,0.725319,0.0426658,0.0426658,0.0853316,0.0853316,0.127997,0,0.0426658,0.0426658,0.0853316,0.127997,0.0853316,0.170663,0,0.127997,0.170663,0.127997,1.32264,1.6213,1.02398,0.682653,0.341327,0.426658,0.298661,12.9277
1.981,0.426658,0.853316,0.725319,0.51199,0.469324,0.51199,0.51199,0.639987,0.51199,0.51199,0.170663,0.0853316,0,0.0853316,0.255995,0.0426658,0.0426658,0.213329,0.127997,0,0,0.0426658,0.127997,0.0853316,0.127997,0,0.554656,0.725319,0.213329,0.298661,0.127997,0.170663,0.170663,10.9224
2.129,0.255995,0.853316,0.469324,0.51199,0.51199,0.341327,0.255995,0.170663,0.51199,0.469324,0,0.0426658,0,0.127997,0.0426658,0.0426658,0.127997,0.0853316,0.213329,0,0,0.0853316,0,0,0,0,0.0426658,0.0426658,0.0426658,0,0,0,0,6.22921
2.288,0.341327,0.767985,0.554656,0.469324,0.298661,0.51199,0.597321,0.469324,0.341327,0.213329,0,0.0426658,0.0426658,0,0.0426658,0,0,0,0,0.0853316,0.0853316,0.0853316,0.127997,0,0.0426658,0,0,0.255995,0,0,0,0,0,5.41856
2.458,0.213329,0.426658,0.426658,0.298661,0.170663,0.213329,0.170663,0.298661,0.170663,0.170663,0,0.0426658,0,0,0,0,0.0426658,0,0.0853316,0.0426658,0,0.0853316,0.0426658,0,0,0,0.0426658,0.127997,0,0,0,0.0426658,0.0426658,4.13858
2.642,0.383992,0.426658,0.426658,0.170663,0.255995,0.213329,0.0426658,0.213329,0.170663,0.127997,0,0.0853316,0.0426658,0,0,0,0,0,0,0,0,0,0.0853316,0.0426658,0,0,0.0426658,0.170663,0,0,0,0,0,2.98661
2.839,0.0426658,0.127997,0.170663,0.255995,0.170663,0.0853316,0.0853316,0.0853316,0.127997,0.170663,0,0.0853316,0.0426658,0,0.0426658,0,0,0,0,0.0853316,0.0426658,0.0853316,0.0426658,0,0,0,0,0.0426658,0,0,0,0,0,2.00529
3.051,0.127997,0.213329,0.255995,0.0853316,0.170663,0,0,0.0426658,0.0853316,0.0426658,0.0426658,0.0426658,0,0,0,0,0,0,0,0.127997,0.0426658,0,0,0,0,0,0,0.0853316,0.0426658,0,0,0,0,1.06665
3.278,0,0.0853316,0.0853316,0.298661,0.127997,0.0426658,0,0.127997,0.0426658,0.0853316,0.0426658,0.0426658,0.0426658,0,0,0,0,0,0,0.0426658,0.0426658,0,0.0853316,0,0,0,0,0.0853316,0,0,0,0,0,1.02398
3.523,0.0426658,0,0.0853316,0.0426658,0.0853316,0.0426658,0,0,0.0426658,0.0426658,0,0.0853316,0.0426658,0,0,0,0,0,0,0.0426658,0,0.0426658,0.0853316,0,0,0,0,0.0853316,0,0,0,0,0,0.469324
3.786,0.0853316,0,0,0.0853316,0.0426658,0,0.0426658,0,0,0,0,0.0426658,0.0853316,0,0,0,0,0,0,0.0426658,0.0853316,0,0.0426658,0,0,0,0.0426658,0.0426658,0,0,0,0,0,0.639987
4.068,0,0,0.0426658,0.0426658,0.127997,0.0426658,0,0,0,0,0,0.0426658,0,0,0,0,0,0,0,0,0.0426658,0,0,0,0,0,0,0,0,0,0,0,0,0.298661
4.371,0,0.0426658,0,0.0853316,0,0,0,0.0853316,0.0426658,0,0,0,0,0,0,0,0,0,0,0.0426658,0,0.0426658,0,0,0,0,0,0,0,0,0,0,0,0.170663
4.698,0.0426658,0,0,0,0.0426658,0,0,0,0,0,0,0,0,0,0,0,0,0,0,0,0.0426658,0,0,0,0,0,0,0,0,0,0,0,0,0.170663
5.048,0,0,0,0,0,0,0,0.0426658,0,0,0,0,0.0426658,0,0,0,0,0,0,0,0,0,0.0426658,0,0,0,0,0.0426658,0,0,0,0,0,0.0853316
5.425,0.0426658,0.0426658,0.0853316,0,0,0.0426658,0,0,0,0,0,0,0,0,0,0,0,0,0,0,0,0,0,0,0,0,0,0,0,0,0,0,0,0
5.829,0,0,0,0,0.0426658,0,0,0,0,0,0,0,0,0,0,0,0,0,0,0,0,0,0,0,0,0,0,0,0,0,0,0,0,0
6.264,0,0,0,0.0426658,0,0,0,0,0,0,0,0,0,0,0,0,0,0,0,0,0,0,0,0,0,0,0,0,0,0,0,0,0,0.0426658
6.732,0,0,0,0,0.0426658,0,0,0,0,0,0,0,0,0,0,0,0,0,0,0,0,0,0,0,0,0,0,0,0,0,0,0,0,0
7.234,0,0,0,0,0.0426658,0,0,0,0,0,0,0,0,0,0,0,0,0,0,0,0,0,0,0,0,0,0,0,0,0,0,0,0,0
7.774,0.0426658,0,0,0,0,0,0,0,0,0,0,0,0,0,0,0,0,0,0,0,0,0.0426658,0,0,0,0,0,0,0,0,0,0,0,0.0426658
8.354,0.0426658,0,0,0,0,0,0,0,0,0,0,0,0,0,0,0,0,0,0,0,0,0,0,0,0,0,0,0,0,0,0,0,0,0
8.977,0,0,0.0426658,0,0,0,0,0,0,0,0,0,0,0,0,0,0,0,0,0.0426658,0,0,0,0,0,0,0,0,0,0,0,0,0,0
9.647,0,0,0,0,0,0,0,0,0,0,0,0,0,0,0,0,0,0,0,0,0,0,0,0,0,0,0,0,0,0,0,0,0,0
10.37,0.0853316,0,0,0,0,0,0,0,0,0,0,0,0,0,0,0,0,0,0,0,0,0,0,0,0,0,0,0,0,0,0,0,0,0
11.14,0,0,0.0426658,0,0,0,0,0,0,0,0,0,0,0,0,0,0,0,0,0,0,0,0,0,0,0,0,0,0,0,0,0,0,0
11.97,0,0,0,0,0,0,0,0,0,0,0,0,0,0,0,0,0,0,0,0,0,0,0,0,0,0,0,0,0,0,0,0,0,0
12.86,0,0,0,0,0,0,0,0,0,0,0,0,0,0,0,0,0,0,0,0,0,0,0,0,0,0,0,0,0,0,0,0,0,0
13.82,0.0426658,0,0,0,0,0,0,0,0,0,0,0,0,0,0,0,0,0,0,0,0,0,0,0,0,0,0,0,0,0,0,0,0,0
14.86,0,0,0,0,0,0,0,0,0,0,0,0,0,0,0,0,0,0,0,0,0,0,0.0426658,0,0,0,0,0,0,0,0,0,0,0
15.96,0.0426658,0,0,0,0,0,0,0,0,0,0,0,0,0,0,0,0,0,0,0,0,0,0,0,0,0,0,0,0,0,0,0,0,0
17.15,0,0,0,0,0,0,0,0,0,0,0,0,0,0,0,0,0,0,0,0,0,0,0,0,0,0,0,0,0,0,0,0,0,0
18.43,0,0,0,0,0,0,0,0,0,0,0,0,0,0,0,0,0,0,0,0,0,0,0,0,0,0,0,0,0,0,0,0,0,0
19.81,0,0,0,0,0,0,0,0,0,0,0,0,0,0,0,0,0,0,0,0,0,0,0,0,0,0,0,0,0,0,0,0,0,0
Event 1,29862,61331,52077,46888,42262,41073,40229,39655,39640,38494,150,164,153,1472,1403,1199,1158,1123,1037,161,200,211,201,867,930,970,1348,912,921,1108,957,921,992,5354
Event 3,77,92,67,68,61,9644,9581,9500,9275,9589,0,0,0,73,78,75,56,57,54,0,2,1,3,129,137,113,150,115,97,71,62,61,74,291
Event 4,3,0,0,0,0,0,0,0,0,0,0,0,0,0,0,0,0,0,0,0,0,0,0,0,0,0,0,0,0,0,0,0,0,0
Dead Time,187,321,283,258,238,365,360,355,352,351,0,0,0,149,152,143,128,123,108,1,1,1,1,181,195,180,199,185,166,136,131,134,134,232
Inlet Pressure,840.8,842.2,841.1,841.1,840.5,840.5,840.5,840.8,840.2,841.1,840.8,839.9,839.9,840.8,840.5,839.9,840.5,840.2,840.2,835.8,836.4,834.9,835.5,836.4,836.1,835.8,835.8,835.8,835.8,835.2,836.4,836.7,836.7,836.4
Total Flow,4.97,4.98,4.98,4.98,4.98,4.97,4.98,4.97,4.98,4.98,4.98,4.98,4.98,4.98,4.98,4.98,4.97,4.97,4.97,4.98,4.97,4.97,4.98,4.98,4.98,4.97,4.97,4.98,4.98,4.98,4.97,4.98,4.98,4.97
Sheath Flow,3.98,3.97,3.99,3.98,3.98,3.97,4.01,3.97,3.98,3.98,3.99,3.99,3.99,4.01,4,3.99,3.98,3.99,3.95,3.98,4,4.01,3.99,3.99,3.97,3.97,4,4,3.97,3.98,3.99,4,3.97,3.96
Analog Input Voltage 0,0,0,0,0,0,0,0,0,0,0,0,0,0,0,0,0,0,0,0,0,0,0,0,0,0,0,0,0,0,0,0,0,0,0
Analog Input Voltage 1,0,0,0,0,0,0,0,0,0,0,0,0,0,0,0,0,0,0,0,0,0,0,0,0,0,0,0,0,0,0,0,0,0,0
Digital Input Level 0,0,0,0,0,0,0,0,0,0,0,0,0,0,0,0,0,0,0,0,0,0,0,0,0,0,0,0,0,0,0,0,0,0,0
Digital Input Level 1,0,0,0,0,0,0,0,0,0,0,0,0,0,0,0,0,0,0,0,0,0,0,0,0,0,0,0,0,0,0,0,0,0,0
Digital Input Level 2,0,0,0,0,0,0,0,0,0,0,0,0,0,0,0,0,0,0,0,0,0,0,0,0,0,0,0,0,0,0,0,0,0,0
Laser Power,75,75,75,75,75,75,75,75,75,75,75,75,75,75,75,75,75,75,75,75,75,75,75,75,75,75,75,75,75,75,75,75,75,75
Laser Current,41.5,41.6,41.6,41.6,41.6,41.6,41.6,41.6,41.6,41.7,41.6,41.6,41.6,41.7,41.7,41.7,41.7,41.7,41.7,41.9,41.9,41.9,41.9,41.9,41.9,41.9,42,42,42,42,42,42,42,42
Sheath Pump Voltage,2.635,2.64,2.634,2.638,2.633,2.65,2.623,2.634,2.638,2.649,2.751,2.733,2.73,2.74,2.738,2.73,2.736,2.73,2.734,2.72,2.72,2.718,2.719,2.739,2.74,2.734,2.724,2.733,2.738,2.72,2.735,2.719,2.719,2.729
Total Pump Voltage,2.832,2.825,2.82,2.815,2.819,2.813,2.817,2.815,2.816,2.814,2.795,2.794,2.793,2.794,2.796,2.791,2.794,2.794,2.792,2.879,2.878,2.88,2.881,2.873,2.867,2.875,2.873,2.873,2.874,2.873,2.869,2.867,2.865,2.873
Box Temperature,23.4,25,26.4,27.5,28.4,28.9,29.2,29.4,29.9,29.7,28.4,28.8,29.1,29.4,29.5,29.7,29.9,30,30.1,30.2,30.3,30.5,30.6,30.8,31.2,31.1,31.3,31.4,31.3,30.8,30.8,30.7,30.7,30.7
Avalanch Photo Diode Temperature,26.6,26.6,26.6,26.6,26.6,26.6,26.6,26.6,26.6,26.6,26.6,26.6,26.6,26.6,26.6,26.6,26.6,26.6,26.6,27,27.5,27.5,27.5,27.5,27.5,27.5,27.5,27.5,27.5,27.5,27.5,27.5,27.5,27.5
Avalanch Photo Diode Voltage,230,230,230,230,230,230,230,230,230,230,230,230,230,230,230,230,230,230,230,230,230,231,231,231,231,231,231,231,231,231,231,231,231,231
Status Flags,0000 0000 0000 0000,0000 0000 0000 0000,0000 0000 0000 0000,0000 0000 0000 0000,0000 0000 0000 0000,0000 0000 0000 0000,0000 0000 0000 0000,0000 0000 0000 0000,0000 0000 0000 0000,0000 0000 0000 0000,0000 0000 0000 0000,0000 0000 0000 0000,0000 0000 0000 0000,0000 0000 0000 0000,0000 0000 0000 0000,0000 0000 0000 0000,0000 0000 0000 0000,0000 0000 0000 0000,0000 0000 0000 0000,0000 0000 0000 0000,0000 0000 0000 0000,0000 0000 0000 0000,0000 0000 0000 0000,0000 0000 0000 0000,0000 0000 0000 0000,0000 0000 0000 0000,0000 0000 0000 0000,0000 0000 0000 0000,0000 0000 0000 0000,0000 0000 0000 0000,0000 0000 0000 0000,0000 0000 0000 0000,0000 0000 0000 0000,0000 0000 0000 0000
Median(µm),0.89885,0.907263,0.912035,0.925619,0.895482,0.847826,0.853821,0.85153,0.849572,0.851062,0.709446,0.700887,0.692896,0.817644,0.816731,0.818664,0.818654,0.818358,0.819511,0.691818,0.661922,0.675389,0.674042,0.661376,0.662328,0.659924,0.659887,0.662918,0.665209,0.661593,0.661537,0.664044,0.660703,0.69046
Mean(µm),1.20324,1.06635,1.09921,1.10075,1.11099,0.859961,0.864837,0.863934,0.86177,0.86308,0.829004,0.938111,0.887402,0.804739,0.804049,0.805623,0.80627,0.806012,0.808024,1.04957,0.95995,0.972797,1.14365,0.661214,0.662082,0.659641,0.661685,0.665986,0.666398,0.662588,0.662212,0.664544,0.661644,0.790811
Geo. Mean(µm),1.00931,0.971435,0.984596,0.992538,0.986644,0.85227,0.857844,0.856486,0.854412,0.855847,0.77833,0.823115,0.788967,0.801177,0.800477,0.802156,0.802597,0.802399,0.804314,0.855335,0.808847,0.809859,0.877915,0.65802,0.658931,0.656541,0.657657,0.661262,0.662698,0.658905,0.65877,0.661056,0.658183,0.75129
Mode(µm),0.777365,0.723394,0.67317,0.897687,0.777365,0.835363,0.835363,0.835363,0.835363,0.835363,0.67317,0.67317,0.626434,0.835363,0.835363,0.835363,0.835363,0.835363,0.835363,0.542469,0.542469,0.542469,0.542469,0.67317,0.67317,0.67317,0.67317,0.67317,0.67317,0.67317,0.67317,0.67317,0.67317,0.67317
Geo. Std. Dev.,1.64276,1.51108,1.53989,1.53432,1.5651,1.13759,1.13178,1.13451,1.13451,1.13361,1.37672,1.56289,1.50584,1.10004,1.10002,1.09898,1.10116,1.10045,1.10123,1.72219,1.65648,1.66551,1.82051,1.10253,1.10184,1.10148,1.1121,1.11826,1.10793,1.10848,1.10567,1.10603,1.10586,1.33625
Total Conc.(#/cm³),41.6325,86.1729,72.9532,65.5934,58.9735,91.3395,89.8395,88.5702,88.1236,86.9943,0.451991,0.486657,0.453324,48.935,49.975,46.8097,41.8098,40.2352,35.7806,0.530656,0.562655,0.622654,0.587988,59.6748,63.8814,59.3481,66.18,61.2094,54.6602,45.5458,43.8058,44.7244,44.8271,81.0904
