Sample File,C:\Users\VanceLab\Desktop\VL_CU_APS_Troubleshoot_27062022\20220627_troubleshooting_1.A21
Sample Time,45
Density,1
Stokes Correction,off
Lower Channel Bound,0.486968
Upper Channel Bound,20.5353
Sample #,1,2,3,4,5,6,7,8,9,10,11,12,13,14,15,16,17,18,19,20,21,22,23,24,25,26,27,28,29,30,31,32,33,34
Date,06/27/22,06/27/22,06/27/22,06/27/22,06/27/22,06/27/22,06/27/22,06/27/22,06/27/22,06/27/22,06/27/22,06/27/22,06/27/22,06/27/22,06/27/22,06/27/22,06/27/22,06/27/22,06/27/22,06/27/22,06/27/22,06/27/22,06/27/22,06/27/22,06/27/22,06/27/22,06/27/22,06/27/22,06/27/22,06/27/22,06/27/22,06/27/22,06/27/22,06/27/22
Start Time,13:19:10,13:20:10,13:21:11,13:22:10,13:23:10,13:24:10,13:25:10,13:26:11,13:27:10,13:28:10,13:46:28,13:47:28,13:48:29,13:49:28,13:50:28,13:51:28,13:52:28,13:53:28,13:54:28,14:12:16,14:13:16,14:14:16,14:15:16,14:16:16,14:17:16,14:18:16,14:20:46,14:21:47,14:22:46,14:30:00,14:31:00,14:32:00,14:33:00,14:34:00
Aerodynamic Diameter,dM,dM,dM,dM,dM,dM,dM,dM,dM,dM,dM,dM,dM,dM,dM,dM,dM,dM,dM,dM,dM,dM,dM,dM,dM,dM,dM,dM,dM,dM,dM,dM,dM,dM
<0.523,0.000564521,0.00116751,0.000988377,0.00088967,0.000800878,0.000780643,0.000764419,0.000753511,0.000754615,0.000732081,3.03516e-006,3.21911e-006,3.12714e-006,3.2651e-005,3.13081e-005,2.68198e-005,2.50171e-005,2.4502e-005,2.27177e-005,4.85626e-006,5.62884e-006,6.32785e-006,5.7944e-006,5.47617e-005,5.71714e-005,5.99306e-005,7.55663e-005,5.58654e-005,4.93168e-005,5.58286e-005,5.10643e-005,4.79923e-005,5.32349e-005,0.000194342
0.542,2.61018e-006,6.41669e-006,5.32911e-006,4.45905e-006,3.69775e-006,1.0767e-005,1.04407e-005,9.89693e-006,1.08757e-005,9.89693e-006,1.08757e-006,1.41385e-006,1.41385e-006,2.2404e-005,2.44704e-005,2.21865e-005,1.7945e-005,1.82712e-005,1.50085e-005,2.17515e-006,2.50142e-006,2.06639e-006,2.61018e-006,0.00027396,0.000281791,0.00028092,0.000308545,0.000266891,0.000213817,0.00020566,0.000192718,0.000191957,0.000196416,0.000296473
0.583,3.77891e-006,9.98713e-006,6.6131e-006,6.34318e-006,5.39845e-006,2.55077e-005,1.91645e-005,1.88946e-005,2.03791e-005,2.18637e-005,2.56426e-006,2.96915e-006,2.56426e-006,5.38495e-005,5.42544e-005,4.96657e-005,4.77763e-005,4.21079e-005,3.95436e-005,2.4293e-006,2.4293e-006,2.56426e-006,2.56426e-006,0.000733244,0.000770628,0.000742152,0.00083514,0.000728521,0.000615153,0.0005555,0.000540655,0.000515957,0.000562788,0.000694105
0.626,5.69427e-006,1.12211e-005,9.71375e-006,8.20644e-006,6.53166e-006,5.15834e-005,4.38794e-005,4.55541e-005,4.25395e-005,4.37119e-005,3.18209e-006,4.52192e-006,4.85688e-006,0.000125106,0.000117067,0.000112211,9.7305e-005,9.46253e-005,7.83799e-005,2.67966e-006,2.3447e-006,2.3447e-006,2.67966e-006,0.00166155,0.00177494,0.00166842,0.00182418,0.00168885,0.0014919,0.00122829,0.00119513,0.00120517,0.00123415,0.00141737
0.673,7.06623e-006,1.80812e-005,1.74577e-005,1.08072e-005,1.05993e-005,0.000124075,0.000111605,0.00010724,0.000110358,0.000106825,6.8584e-006,6.65057e-006,5.61142e-006,0.000301977,0.000319227,0.000287845,0.000257502,0.000246487,0.000211987,3.11746e-006,2.49396e-006,3.74095e-006,1.66264e-006,0.00262635,0.00281776,0.00257128,0.00284437,0.00268829,0.0024364,0.00189832,0.00182496,0.00189853,0.00186569,0.00217952
0.723,1.03162e-005,2.26956e-005,1.72796e-005,1.59901e-005,1.39268e-005,0.000317996,0.000284727,0.00029659,0.000295301,0.000298396,7.22133e-006,5.15809e-006,4.38438e-006,0.000876875,0.000931293,0.000866559,0.000774487,0.000753855,0.000630319,3.09485e-006,1.80533e-006,4.12647e-006,1.54743e-006,0.00212539,0.00233661,0.00207252,0.00222546,0.00224093,0.0020947,0.00162067,0.00157502,0.00168798,0.00157631,0.00199824
0.777,1.53621e-005,2.65636e-005,2.49634e-005,1.53621e-005,1.79224e-005,0.0011944,0.00104974,0.00107407,0.00112175,0.00108111,4.16056e-006,5.76078e-006,5.76078e-006,0.00264132,0.00276293,0.00245409,0.00219006,0.00213021,0.00188474,1.92026e-006,1.28017e-006,1.60022e-006,1.92026e-006,0.000794988,0.000870518,0.000731939,0.000843955,0.000828913,0.000783466,0.000616084,0.000594641,0.000643287,0.00058952,0.0011704
0.835,1.74748e-005,3.05809e-005,2.14463e-005,2.30349e-005,2.02549e-005,0.00396241,0.00377177,0.00381308,0.00378766,0.00382817,3.97154e-006,3.57439e-006,3.57439e-006,0.00636638,0.00641602,0.00615787,0.0054708,0.00520431,0.00463161,2.78008e-006,1.19146e-006,1.58862e-006,1.98577e-006,0.000180705,0.000186662,0.000169982,0.000183088,0.000194605,0.000168393,0.000133841,0.000134238,0.000146947,0.000146153,0.000818137
0.898,1.5771e-005,3.59776e-005,3.74561e-005,3.1542e-005,2.36565e-005,0.00304084,0.00343709,0.003202,0.00301867,0.00315124,3.4499e-006,4.92843e-006,3.4499e-006,0.00186985,0.00191716,0.001894,0.0016875,0.00165743,0.00155246,4.92843e-007,2.46422e-006,9.85687e-007,2.46422e-006,2.11923e-005,2.41493e-005,2.41493e-005,2.90778e-005,3.05563e-005,3.20348e-005,2.11923e-005,1.77424e-005,2.06994e-005,1.82352e-005,0.000803828
0.965,1.95708e-005,4.34227e-005,3.54721e-005,3.36373e-005,2.50751e-005,0.00114306,0.0012562,0.00118465,0.00116813,0.001214,4.28112e-006,2.44635e-006,2.44635e-006,0.000328423,0.000333315,0.000338208,0.000310687,0.000300901,0.000263594,2.44635e-006,2.44635e-006,0,1.22318e-006,1.10086e-005,1.59013e-005,9.17382e-006,1.7736e-005,1.10086e-005,1.28433e-005,7.33905e-006,6.72747e-006,6.72747e-006,6.11588e-006,0.000848272
1.037,2.20093e-005,4.47776e-005,3.03577e-005,3.56703e-005,2.27683e-005,0.000725549,0.000730103,0.000747558,0.00070354,0.000743764,1.51789e-006,1.51789e-006,7.58943e-007,4.70544e-005,2.95988e-005,4.0224e-005,4.0224e-005,2.73219e-005,4.47776e-005,3.03577e-006,3.79471e-006,7.58943e-007,7.58943e-007,6.83048e-006,3.03577e-006,7.58943e-006,6.07154e-006,1.21431e-005,7.58943e-006,3.79471e-006,3.79471e-006,6.07154e-006,4.55366e-006,0.000916803
1.114,2.3545e-005,6.49842e-005,6.87514e-005,4.61482e-005,3.95556e-005,0.000445472,0.00042381,0.000445472,0.000416276,0.00042381,4.709e-006,9.418e-007,2.8254e-006,1.97778e-005,1.60106e-005,1.8836e-005,1.4127e-005,5.6508e-006,1.4127e-005,6.5926e-006,9.418e-007,3.7672e-006,2.8254e-006,1.8836e-006,2.8254e-006,1.8836e-006,6.5926e-006,4.709e-006,5.6508e-006,2.8254e-006,2.8254e-006,2.8254e-006,1.8836e-006,0.000975705
1.197,3.15553e-005,7.71352e-005,5.37609e-005,4.20738e-005,3.03866e-005,0.000232574,0.000243093,0.000241924,0.000229068,0.000217381,4.67486e-006,1.16872e-006,5.84358e-006,8.18101e-006,1.05184e-005,1.28559e-005,9.34973e-006,1.16872e-005,1.51933e-005,1.16872e-006,3.50615e-006,1.16872e-006,4.67486e-006,3.50615e-006,1.16872e-006,2.33743e-006,1.16872e-006,1.28559e-005,7.0123e-006,1.16872e-006,2.33743e-006,2.33743e-006,1.16872e-006,0.00103548
1.286,1.8854e-005,6.09128e-005,5.36612e-005,5.36612e-005,4.06085e-005,0.000107322,0.000136329,0.000118925,0.00014358,0.000129077,8.70182e-006,5.80122e-006,5.80122e-006,5.80122e-006,5.80122e-006,8.70182e-006,8.70182e-006,7.25152e-006,0,1.4503e-006,2.90061e-006,1.4503e-006,2.90061e-006,1.4503e-006,0,1.4503e-006,1.01521e-005,5.80122e-006,7.25152e-006,2.90061e-006,0,0,1.4503e-006,0.00103262
1.382,3.95942e-005,5.21924e-005,6.65903e-005,5.93913e-005,4.31937e-005,9.35863e-005,8.81871e-005,8.45876e-005,6.1191e-005,7.55889e-005,5.39921e-006,3.59947e-006,0,0,1.79974e-006,3.59947e-006,7.19895e-006,5.39921e-006,3.59947e-006,0,0,3.59947e-006,1.79974e-006,0,3.59947e-006,0,7.19895e-006,1.61976e-005,3.59947e-006,0,0,0,3.59947e-006,0.00119503
1.486,3.12671e-005,7.37009e-005,6.47675e-005,4.24339e-005,3.79671e-005,7.37009e-005,5.80674e-005,6.25341e-005,5.5834e-005,5.36007e-005,2.23336e-006,1.11668e-005,6.70008e-006,0,2.23336e-006,0,8.93344e-006,6.70008e-006,4.46672e-006,4.46672e-006,4.46672e-006,0,6.70008e-006,2.23336e-006,0,2.23336e-006,2.23336e-006,1.11668e-005,0,2.23336e-006,0,0,0,0.00116581
1.596,3.6029e-005,8.86868e-005,5.54292e-005,7.2058e-005,4.43434e-005,4.98863e-005,5.26578e-005,3.6029e-005,3.88005e-005,4.98863e-005,0,8.31439e-006,2.77146e-006,8.31439e-006,2.77146e-006,0,8.31439e-006,5.54292e-006,2.77146e-006,8.31439e-006,2.77146e-006,2.77146e-006,2.77146e-006,8.31439e-006,0,2.77146e-006,1.94002e-005,1.94002e-005,1.38573e-005,5.54292e-006,1.10858e-005,2.77146e-006,1.38573e-005,0.0011945
1.715,3.09529e-005,0.000134129,9.62979e-005,8.94195e-005,5.15882e-005,7.22234e-005,6.87842e-005,3.43921e-005,3.43921e-005,6.5345e-005,0,3.43921e-006,0,1.37568e-005,0,0,2.40745e-005,1.03176e-005,6.87842e-006,3.43921e-006,3.43921e-006,0,1.03176e-005,1.37568e-005,1.37568e-005,1.03176e-005,9.28587e-005,5.50274e-005,5.15882e-005,4.12705e-005,3.09529e-005,3.09529e-005,2.40745e-005,0.00121404
1.843,6.40177e-005,0.000102428,9.38927e-005,5.97499e-005,8.5357e-005,8.5357e-005,4.69463e-005,4.26785e-005,7.68213e-005,7.25534e-005,4.26785e-006,4.26785e-006,8.5357e-006,8.5357e-006,1.28035e-005,0,4.26785e-006,4.26785e-006,8.5357e-006,1.28035e-005,8.5357e-006,1.70714e-005,0,1.28035e-005,1.70714e-005,1.28035e-005,0.000132303,0.000162178,0.000102428,6.82856e-005,3.41428e-005,4.26785e-005,2.98749e-005,0.00129316
1.981,5.29613e-005,0.000105923,9.00343e-005,6.35536e-005,5.82575e-005,6.35536e-005,6.35536e-005,7.9442e-005,6.35536e-005,6.35536e-005,2.11845e-005,1.05923e-005,0,1.05923e-005,3.17768e-005,5.29613e-006,5.29613e-006,2.64807e-005,1.58884e-005,0,0,5.29613e-006,1.58884e-005,1.05923e-005,1.58884e-005,0,6.88497e-005,9.00343e-005,2.64807e-005,3.70729e-005,1.58884e-005,2.11845e-005,2.11845e-005,0.00135581
2.129,3.9433e-005,0.000131443,7.22939e-005,7.88661e-005,7.88661e-005,5.25774e-005,3.9433e-005,2.62887e-005,7.88661e-005,7.22939e-005,0,6.57217e-006,0,1.97165e-005,6.57217e-006,6.57217e-006,1.97165e-005,1.31443e-005,3.28609e-005,0,0,1.31443e-005,0,0,0,0,6.57217e-006,6.57217e-006,6.57217e-006,0,0,0,0,0.000959537
2.288,6.52452e-005,0.000146802,0.000106024,8.97122e-005,5.70896e-005,9.78679e-005,0.000114179,8.97122e-005,6.52452e-005,4.07783e-005,0,8.15566e-006,8.15566e-006,0,8.15566e-006,0,0,0,0,1.63113e-005,1.63113e-005,1.63113e-005,2.4467e-005,0,8.15566e-006,0,0,4.89339e-005,0,0,0,0,0,0.00103577
2.458,5.06033e-005,0.000101207,0.000101207,7.08446e-005,4.04827e-005,5.06033e-005,4.04827e-005,7.08446e-005,4.04827e-005,4.04827e-005,0,1.01207e-005,0,0,0,0,1.01207e-005,0,2.02413e-005,1.01207e-005,0,2.02413e-005,1.01207e-005,0,0,0,1.01207e-005,3.0362e-005,0,0,0,1.01207e-005,1.01207e-005,0.000981704
2.642,0.000113032,0.000125591,0.000125591,5.02364e-005,7.53547e-005,6.27956e-005,1.25591e-005,6.27956e-005,5.02364e-005,3.76773e-005,0,2.51182e-005,1.25591e-005,0,0,0,0,0,0,0,0,0,2.51182e-005,1.25591e-005,0,0,1.25591e-005,5.02364e-005,0,0,0,0,0,0.000879138
2.839,1.55851e-005,4.67552e-005,6.23403e-005,9.35105e-005,6.23403e-005,3.11702e-005,3.11702e-005,3.11702e-005,4.67552e-005,6.23403e-005,0,3.11702e-005,1.55851e-005,0,1.55851e-005,0,0,0,0,3.11702e-005,1.55851e-005,3.11702e-005,1.55851e-005,0,0,0,0,1.55851e-005,0,0,0,0,0,0.000732499
3.051,5.80203e-005,9.67005e-005,0.000116041,3.86802e-005,7.73604e-005,0,0,1.93401e-005,3.86802e-005,1.93401e-005,1.93401e-005,1.93401e-005,0,0,0,0,0,0,0,5.80203e-005,1.93401e-005,0,0,0,0,0,0,3.86802e-005,1.93401e-005,0,0,0,0,0.000483503
3.278,0,4.79997e-005,4.79997e-005,0.000167999,7.19996e-005,2.39999e-005,0,7.19996e-005,2.39999e-005,4.79997e-005,2.39999e-005,2.39999e-005,2.39999e-005,0,0,0,0,0,0,2.39999e-005,2.39999e-005,0,4.79997e-005,0,0,0,0,4.79997e-005,0,0,0,0,0,0.000575997
3.523,2.97823e-005,0,5.95647e-005,2.97823e-005,5.95647e-005,2.97823e-005,0,0,2.97823e-005,2.97823e-005,0,5.95647e-005,2.97823e-005,0,0,0,0,0,0,2.97823e-005,0,2.97823e-005,5.95647e-005,0,0,0,0,5.95647e-005,0,0,0,0,0,0.000327606
3.786,7.39161e-005,0,0,7.39161e-005,3.6958e-005,0,3.6958e-005,0,0,0,0,3.6958e-005,7.39161e-005,0,0,0,0,0,0,3.6958e-005,7.39161e-005,0,3.6958e-005,0,0,0,3.6958e-005,3.6958e-005,0,0,0,0,0,0.000554371
4.068,0,0,4.58626e-005,4.58626e-005,0.000137588,4.58626e-005,0,0,0,0,0,4.58626e-005,0,0,0,0,0,0,0,0,4.58626e-005,0,0,0,0,0,0,0,0,0,0,0,0,0.000321038
4.371,0,5.69127e-005,0,0.000113825,0,0,0,0.000113825,5.69127e-005,0,0,0,0,0,0,0,0,0,0,5.69127e-005,0,5.69127e-005,0,0,0,0,0,0,0,0,0,0,0,0.000227651
4.698,7.06251e-005,0,0,0,7.06251e-005,0,0,0,0,0,0,0,0,0,0,0,0,0,0,0,7.06251e-005,0,0,0,0,0,0,0,0,0,0,0,0,0.0002825
5.048,0,0,0,0,0,0,0,8.76413e-005,0,0,0,0,8.76413e-005,0,0,0,0,0,0,0,0,0,8.76413e-005,0,0,0,0,8.76413e-005,0,0,0,0,0,0.000175283
5.425,0.000108757,0.000108757,0.000217515,0,0,0.000108757,0,0,0,0,0,0,0,0,0,0,0,0,0,0,0,0,0,0,0,0,0,0,0,0,0,0,0,0
5.829,0,0,0,0,0.000134961,0,0,0,0,0,0,0,0,0,0,0,0,0,0,0,0,0,0,0,0,0,0,0,0,0,0,0,0,0
6.264,0,0,0,0.000167478,0,0,0,0,0,0,0,0,0,0,0,0,0,0,0,0,0,0,0,0,0,0,0,0,0,0,0,0,0,0.000167478
6.732,0,0,0,0,0.00020783,0,0,0,0,0,0,0,0,0,0,0,0,0,0,0,0,0,0,0,0,0,0,0,0,0,0,0,0,0
7.234,0,0,0,0,0.000257905,0,0,0,0,0,0,0,0,0,0,0,0,0,0,0,0,0,0,0,0,0,0,0,0,0,0,0,0,0
7.774,0.000320043,0,0,0,0,0,0,0,0,0,0,0,0,0,0,0,0,0,0,0,0,0.000320043,0,0,0,0,0,0,0,0,0,0,0,0.000320043
8.354,0.000397154,0,0,0,0,0,0,0,0,0,0,0,0,0,0,0,0,0,0,0,0,0,0,0,0,0,0,0,0,0,0,0,0,0
8.977,0,0,0.000492843,0,0,0,0,0,0,0,0,0,0,0,0,0,0,0,0,0.000492843,0,0,0,0,0,0,0,0,0,0,0,0,0,0
9.647,0,0,0,0,0,0,0,0,0,0,0,0,0,0,0,0,0,0,0,0,0,0,0,0,0,0,0,0,0,0,0,0,0,0
10.37,0.00151789,0,0,0,0,0,0,0,0,0,0,0,0,0,0,0,0,0,0,0,0,0,0,0,0,0,0,0,0,0,0,0,0,0
11.14,0,0,0.000941801,0,0,0,0,0,0,0,0,0,0,0,0,0,0,0,0,0,0,0,0,0,0,0,0,0,0,0,0,0,0,0
11.97,0,0,0,0,0,0,0,0,0,0,0,0,0,0,0,0,0,0,0,0,0,0,0,0,0,0,0,0,0,0,0,0,0,0
12.86,0,0,0,0,0,0,0,0,0,0,0,0,0,0,0,0,0,0,0,0,0,0,0,0,0,0,0,0,0,0,0,0,0,0
13.82,0.00179974,0,0,0,0,0,0,0,0,0,0,0,0,0,0,0,0,0,0,0,0,0,0,0,0,0,0,0,0,0,0,0,0,0
14.86,0,0,0,0,0,0,0,0,0,0,0,0,0,0,0,0,0,0,0,0,0,0,0.00223336,0,0,0,0,0,0,0,0,0,0,0
15.96,0.00277146,0,0,0,0,0,0,0,0,0,0,0,0,0,0,0,0,0,0,0,0,0,0,0,0,0,0,0,0,0,0,0,0,0
17.15,0,0,0,0,0,0,0,0,0,0,0,0,0,0,0,0,0,0,0,0,0,0,0,0,0,0,0,0,0,0,0,0,0,0
18.43,0,0,0,0,0,0,0,0,0,0,0,0,0,0,0,0,0,0,0,0,0,0,0,0,0,0,0,0,0,0,0,0,0,0
19.81,0,0,0,0,0,0,0,0,0,0,0,0,0,0,0,0,0,0,0,0,0,0,0,0,0,0,0,0,0,0,0,0,0,0
Event 1,29862,61331,52077,46888,42262,41073,40229,39655,39640,38494,150,164,153,1472,1403,1199,1158,1123,1037,161,200,211,201,867,930,970,1348,912,921,1108,957,921,992,5354
Event 3,77,92,67,68,61,9644,9581,9500,9275,9589,0,0,0,73,78,75,56,57,54,0,2,1,3,129,137,113,150,115,97,71,62,61,74,291
Event 4,3,0,0,0,0,0,0,0,0,0,0,0,0,0,0,0,0,0,0,0,0,0,0,0,0,0,0,0,0,0,0,0,0,0
Dead Time,187,321,283,258,238,365,360,355,352,351,0,0,0,149,152,143,128,123,108,1,1,1,1,181,195,180,199,185,166,136,131,134,134,232
Inlet Pressure,840.8,842.2,841.1,841.1,840.5,840.5,840.5,840.8,840.2,841.1,840.8,839.9,839.9,840.8,840.5,839.9,840.5,840.2,840.2,835.8,836.4,834.9,835.5,836.4,836.1,835.8,835.8,835.8,835.8,835.2,836.4,836.7,836.7,836.4
Total Flow,4.97,4.98,4.98,4.98,4.98,4.97,4.98,4.97,4.98,4.98,4.98,4.98,4.98,4.98,4.98,4.98,4.97,4.97,4.97,4.98,4.97,4.97,4.98,4.98,4.98,4.97,4.97,4.98,4.98,4.98,4.97,4.98,4.98,4.97
Sheath Flow,3.98,3.97,3.99,3.98,3.98,3.97,4.01,3.97,3.98,3.98,3.99,3.99,3.99,4.01,4,3.99,3.98,3.99,3.95,3.98,4,4.01,3.99,3.99,3.97,3.97,4,4,3.97,3.98,3.99,4,3.97,3.96
Analog Input Voltage 0,0,0,0,0,0,0,0,0,0,0,0,0,0,0,0,0,0,0,0,0,0,0,0,0,0,0,0,0,0,0,0,0,0,0
Analog Input Voltage 1,0,0,0,0,0,0,0,0,0,0,0,0,0,0,0,0,0,0,0,0,0,0,0,0,0,0,0,0,0,0,0,0,0,0
Digital Input Level 0,0,0,0,0,0,0,0,0,0,0,0,0,0,0,0,0,0,0,0,0,0,0,0,0,0,0,0,0,0,0,0,0,0,0
Digital Input Level 1,0,0,0,0,0,0,0,0,0,0,0,0,0,0,0,0,0,0,0,0,0,0,0,0,0,0,0,0,0,0,0,0,0,0
Digital Input Level 2,0,0,0,0,0,0,0,0,0,0,0,0,0,0,0,0,0,0,0,0,0,0,0,0,0,0,0,0,0,0,0,0,0,0
Laser Power,75,75,75,75,75,75,75,75,75,75,75,75,75,75,75,75,75,75,75,75,75,75,75,75,75,75,75,75,75,75,75,75,75,75
Laser Current,41.5,41.6,41.6,41.6,41.6,41.6,41.6,41.6,41.6,41.7,41.6,41.6,41.6,41.7,41.7,41.7,41.7,41.7,41.7,41.9,41.9,41.9,41.9,41.9,41.9,41.9,42,42,42,42,42,42,42,42
Sheath Pump Voltage,2.635,2.64,2.634,2.638,2.633,2.65,2.623,2.634,2.638,2.649,2.751,2.733,2.73,2.74,2.738,2.73,2.736,2.73,2.734,2.72,2.72,2.718,2.719,2.739,2.74,2.734,2.724,2.733,2.738,2.72,2.735,2.719,2.719,2.729
Total Pump Voltage,2.832,2.825,2.82,2.815,2.819,2.813,2.817,2.815,2.816,2.814,2.795,2.794,2.793,2.794,2.796,2.791,2.794,2.794,2.792,2.879,2.878,2.88,2.881,2.873,2.867,2.875,2.873,2.873,2.874,2.873,2.869,2.867,2.865,2.873
Box Temperature,23.4,25,26.4,27.5,28.4,28.9,29.2,29.4,29.9,29.7,28.4,28.8,29.1,29.4,29.5,29.7,29.9,30,30.1,30.2,30.3,30.5,30.6,30.8,31.2,31.1,31.3,31.4,31.3,30.8,30.8,30.7,30.7,30.7
Avalanch Photo Diode Temperature,26.6,26.6,26.6,26.6,26.6,26.6,26.6,26.6,26.6,26.6,26.6,26.6,26.6,26.6,26.6,26.6,26.6,26.6,26.6,27,27.5,27.5,27.5,27.5,27.5,27.5,27.5,27.5,27.5,27.5,27.5,27.5,27.5,27.5
Avalanch Photo Diode Voltage,230,230,230,230,230,230,230,230,230,230,230,230,230,230,230,230,230,230,230,230,230,231,231,231,231,231,231,231,231,231,231,231,231,231
Status Flags,0000 0000 0000 0000,0000 0000 0000 0000,0000 0000 0000 0000,0000 0000 0000 0000,0000 0000 0000 0000,0000 0000 0000 0000,0000 0000 0000 0000,0000 0000 0000 0000,0000 0000 0000 0000,0000 0000 0000 0000,0000 0000 0000 0000,0000 0000 0000 0000,0000 0000 0000 0000,0000 0000 0000 0000,0000 0000 0000 0000,0000 0000 0000 0000,0000 0000 0000 0000,0000 0000 0000 0000,0000 0000 0000 0000,0000 0000 0000 0000,0000 0000 0000 0000,0000 0000 0000 0000,0000 0000 0000 0000,0000 0000 0000 0000,0000 0000 0000 0000,0000 0000 0000 0000,0000 0000 0000 0000,0000 0000 0000 0000,0000 0000 0000 0000,0000 0000 0000 0000,0000 0000 0000 0000,0000 0000 0000 0000,0000 0000 0000 0000,0000 0000 0000 0000
Median(µm),13.6931,1.95542,5.29561,2.34538,3.17227,0.876621,0.881462,0.881551,0.877789,0.879045,1.85377,3.03753,3.66181,0.828499,0.827934,0.829292,0.8297,0.829488,0.830764,8.77489,3.77555,7.58914,14.7846,0.679012,0.679823,0.677414,0.680387,0.686971,0.68421,0.681382,0.680695,0.683126,0.67995,1.38668
Mean(µm),11.8621,2.15107,5.97041,2.71677,3.76708,1.01456,0.954217,1.02871,0.984429,0.968367,1.87939,2.80261,3.37235,0.827316,0.829466,0.824914,0.83183,0.830192,0.837415,6.60033,3.41881,5.74703,13.1936,0.688538,0.687698,0.681613,0.734693,0.846154,0.718162,0.707755,0.696789,0.702611,0.698729,1.70237
Geo. Mean(µm),10.2376,1.89988,4.27188,2.31428,3.06826,0.949006,0.925481,0.957075,0.93847,0.932147,1.60104,2.51694,2.92938,0.822742,0.823429,0.821652,0.826103,0.825021,0.829887,5.59968,3.1082,4.89948,11.7942,0.681324,0.681326,0.676998,0.705799,0.75515,0.700112,0.693264,0.686861,0.690912,0.687488,1.40166
Mode(µm),15.9634,2.28757,11.1397,3.27812,7.23394,0.835363,0.835363,0.835363,0.835363,0.835363,3.27812,3.52269,5.04807,0.835363,0.835363,0.835363,0.835363,0.835363,0.835363,8.97687,3.78552,7.77365,14.8551,0.67317,0.67317,0.67317,0.67317,0.67317,0.67317,0.67317,0.67317,0.67317,0.67317,0.67317
Geo. Std. Dev.,1.95352,1.6462,2.43842,1.78279,1.96921,1.35394,1.24583,1.37071,1.30502,1.27486,1.79859,1.6872,1.83426,1.1055,1.11741,1.0918,1.11618,1.11132,1.13024,1.92685,1.65524,1.91557,1.81036,1.1402,1.13343,1.1175,1.27001,1.46969,1.21623,1.19726,1.16464,1.17633,1.1735,1.83022
Total Conc.(mg/m³),0.00844423,0.00303949,0.00422673,0.00262393,0.00275089,0.0131039,0.0129354,0.0129726,0.0125843,0.0127325,0.00013584,0.000358314,0.000322065,0.0127606,0.0130507,0.0123055,0.0110394,0.0105965,0.00949969,0.000823382,0.000320582,0.000548834,0.00261391,0.00855709,0.00920164,0.00837185,0.00960015,0.00954648,0.00814939,0.00650782,0.00623392,0.0064842,0.00636038,0.0298238
