Sample File,C:\Users\VanceLab\Desktop\VL_CU_SMPS_APS_CADR_20220712\VL_CU_SMPS_CADR_oreck_SCAN2.S82,
AIM Version,10.3.1.0
Classifier Model,3082       ,Classifier S/N,3082021905001   ,Classifier Firmware Version,2.60
Neutralizer Model,3088,Neutralizer S/N,3088011906004
Impactor (cm),0.071,Impactor S/N,7100764
DMA Model,3081,DMA S/N,3081A1903007
DMA Inner Radius (cm),0.937
DMA Outer Radius (cm),1.961
DMA Characteristic Length (cm),44.369
HV Polarity,NEG,
Detector Model,3750,Detector S/N,3750190603,Nano Enhancer , None
Detector Sample Flow (L/min),1.00,Detector Inlet Flow (L/min),1.00
Reference Gas Viscosity (Pa*s),1.832450e-005
Reference Mean Free Path (m),6.730000e-008
Reference Gas Temperature (K),296.15
Reference Gas Pressure (kPa),101.30
Sutherland Constant (K),110.40
Tube Length (cm),25.40
Tube Diameter (cm),0.48
Channels/Decade,64
Multiple Charge Correction,TRUE
Nanoparticle Agglomerate Mobility Analysis,FALSE
Diffusion Correction,TRUE
Units,Concentration (DW)
Weight,Mass
Sample #,1,2,3,4,5,6,7,8,9,10,11,12,13,14,15,16,17,18,19,20,21,22,23,24,25,26
Date,7/12/2022,7/12/2022,7/12/2022,7/12/2022,7/12/2022,7/12/2022,7/12/2022,7/12/2022,7/12/2022,7/12/2022,7/12/2022,7/12/2022,7/12/2022,7/12/2022,7/12/2022,7/12/2022,7/12/2022,7/12/2022,7/12/2022,7/12/2022,7/12/2022,7/12/2022,7/12/2022,7/12/2022,7/12/2022,7/12/2022
Start Time,13:00:00,13:03:00,13:06:00,13:09:00,13:12:00,13:15:00,13:18:00,13:21:00,13:24:00,13:27:00,13:30:00,13:33:00,13:36:00,13:39:00,13:42:00,13:45:00,13:48:00,13:51:00,13:54:00,13:57:00,14:00:00,14:03:00,14:06:00,14:09:00,14:12:00,14:15:00
Sample Temp (C),23.0,23.0,23.1,23.1,23.2,23.2,23.3,23.3,23.4,23.4,23.5,23.5,23.5,23.6,23.6,23.6,23.7,23.7,23.7,23.8,23.8,23.8,23.8,23.9,23.9,23.9
Sample Pressure (kPa),81.6,81.5,81.5,81.5,81.5,81.5,81.5,81.5,81.5,81.5,81.5,81.5,81.5,81.5,81.5,81.5,81.5,81.5,81.5,81.5,81.5,81.5,81.5,81.5,81.5,81.5
Relative Humidity (%),54.6,54.1,53.7,53.4,53.2,53.0,52.9,52.9,52.8,52.8,52.7,52.7,52.7,52.7,52.7,52.7,52.7,52.7,52.7,52.7,52.6,52.6,52.6,52.6,52.6,52.5
Mean Free Path (m),8.35477e-008,8.36502e-008,8.36861e-008,8.36861e-008,8.37220e-008,8.37220e-008,8.37579e-008,8.37579e-008,8.37939e-008,8.37939e-008,8.38298e-008,8.38298e-008,8.38298e-008,8.38657e-008,8.38657e-008,8.38657e-008,8.39016e-008,8.39016e-008,8.39016e-008,8.39376e-008,8.39376e-008,8.39376e-008,8.39376e-008,8.39735e-008,8.39735e-008,8.39735e-008
Gas Viscosity (Pa*s),1.83245e-005,1.83245e-005,1.83293e-005,1.83293e-005,1.83340e-005,1.83340e-005,1.83388e-005,1.83388e-005,1.83436e-005,1.83436e-005,1.83484e-005,1.83484e-005,1.83484e-005,1.83531e-005,1.83531e-005,1.83531e-005,1.83579e-005,1.83579e-005,1.83579e-005,1.83627e-005,1.83627e-005,1.83627e-005,1.83627e-005,1.83674e-005,1.83674e-005,1.83674e-005
Diameter Midpoint (nm)
 15.7,0.000,0.000,0.000,0.000,0.000,0.000,0.003,0.003,0.002,0.001,0.001,0.000,0.000,0.000,0.000,0.000,0.000,0.000,0.000,0.000,0.000,0.000,0.000,0.000,0.000,0.000
 16.3,0.000,0.000,0.000,0.000,0.000,0.000,0.004,0.004,0.002,0.001,0.001,0.000,0.000,0.000,0.000,0.000,0.000,0.000,0.000,0.000,0.000,0.000,0.000,0.000,0.000,0.000
 16.8,0.000,0.000,0.000,0.000,0.000,0.000,0.004,0.004,0.002,0.001,0.001,0.000,0.000,0.000,0.000,0.000,0.000,0.000,0.000,0.000,0.000,0.000,0.000,0.000,0.000,0.000
 17.5,0.000,0.000,0.000,0.000,0.000,0.000,0.005,0.004,0.002,0.001,0.001,0.001,0.000,0.000,0.000,0.000,0.000,0.000,0.000,0.000,0.000,0.000,0.000,0.000,0.000,0.000
 18.1,0.000,0.000,0.000,0.000,0.000,0.000,0.005,0.005,0.003,0.002,0.001,0.001,0.000,0.000,0.000,0.000,0.000,0.000,0.000,0.000,0.000,0.000,0.000,0.000,0.000,0.000
 18.8,0.000,0.000,0.000,0.000,0.000,0.000,0.006,0.005,0.003,0.002,0.001,0.001,0.000,0.000,0.000,0.000,0.000,0.000,0.000,0.000,0.000,0.000,0.000,0.000,0.000,0.000
 19.5,0.000,0.000,0.000,0.000,0.000,0.000,0.006,0.006,0.003,0.002,0.001,0.001,0.000,0.000,0.000,0.000,0.000,0.000,0.000,0.000,0.000,0.000,0.000,0.000,0.000,0.000
 20.2,0.000,0.000,0.000,0.000,0.000,0.000,0.007,0.006,0.004,0.002,0.001,0.001,0.001,0.000,0.000,0.000,0.000,0.000,0.000,0.000,0.000,0.000,0.000,0.000,0.000,0.000
 20.9,0.000,0.000,0.000,0.000,0.000,0.000,0.008,0.007,0.004,0.003,0.001,0.001,0.001,0.000,0.000,0.000,0.000,0.000,0.000,0.000,0.000,0.000,0.000,0.000,0.000,0.000
 21.7,0.000,0.000,0.000,0.000,0.000,0.000,0.009,0.008,0.004,0.003,0.002,0.001,0.001,0.000,0.000,0.000,0.000,0.000,0.000,0.000,0.000,0.000,0.000,0.000,0.000,0.000
 22.5,0.000,0.000,0.000,0.000,0.000,0.000,0.010,0.008,0.005,0.003,0.002,0.001,0.001,0.000,0.000,0.000,0.000,0.000,0.000,0.000,0.000,0.000,0.000,0.000,0.000,0.000
 23.3,0.000,0.000,0.000,0.000,0.000,0.000,0.011,0.009,0.005,0.003,0.002,0.001,0.001,0.000,0.000,0.000,0.000,0.000,0.000,0.000,0.000,0.000,0.000,0.000,0.000,0.000
 24.1,0.000,0.000,0.000,0.000,0.000,0.000,0.012,0.010,0.006,0.004,0.002,0.001,0.001,0.001,0.000,0.000,0.000,0.000,0.000,0.000,0.000,0.000,0.000,0.000,0.000,0.000
 25.0,0.000,0.000,0.000,0.000,0.000,0.000,0.013,0.011,0.006,0.004,0.003,0.001,0.001,0.001,0.000,0.000,0.000,0.000,0.000,0.000,0.000,0.000,0.000,0.000,0.000,0.000
 25.9,0.000,0.000,0.000,0.000,0.000,0.000,0.015,0.012,0.008,0.004,0.003,0.002,0.001,0.001,0.000,0.000,0.000,0.000,0.000,0.000,0.000,0.000,0.000,0.000,0.000,0.000
 26.9,0.000,0.000,0.000,0.000,0.000,0.000,0.016,0.013,0.008,0.005,0.003,0.002,0.001,0.001,0.001,0.000,0.000,0.000,0.000,0.000,0.000,0.000,0.000,0.000,0.000,0.000
 27.9,0.000,0.000,0.000,0.000,0.000,0.000,0.018,0.015,0.009,0.005,0.004,0.002,0.001,0.001,0.001,0.000,0.000,0.000,0.000,0.000,0.000,0.000,0.000,0.000,0.000,0.000
 28.9,0.000,0.000,0.000,0.000,0.000,0.000,0.020,0.016,0.010,0.006,0.004,0.002,0.002,0.001,0.001,0.000,0.000,0.000,0.000,0.000,0.000,0.000,0.000,0.000,0.000,0.000
 30.0,0.000,0.000,0.000,0.000,0.000,0.000,0.022,0.018,0.011,0.007,0.004,0.003,0.002,0.001,0.001,0.000,0.000,0.000,0.000,0.000,0.000,0.000,0.000,0.000,0.000,0.000
 31.1,0.000,0.000,0.000,0.000,0.000,0.000,0.024,0.019,0.012,0.007,0.005,0.003,0.002,0.001,0.001,0.001,0.000,0.000,0.000,0.000,0.000,0.000,0.000,0.000,0.000,0.000
 32.2,0.000,0.000,0.000,0.000,0.000,0.000,0.027,0.022,0.013,0.008,0.005,0.003,0.002,0.001,0.001,0.001,0.000,0.000,0.000,0.000,0.000,0.000,0.000,0.000,0.000,0.000
 33.4,0.000,0.000,0.000,0.000,0.000,0.000,0.029,0.024,0.014,0.009,0.006,0.004,0.002,0.002,0.001,0.001,0.000,0.000,0.000,0.000,0.000,0.000,0.000,0.000,0.000,0.000
 34.6,0.000,0.000,0.000,0.000,0.000,0.000,0.032,0.026,0.016,0.010,0.006,0.004,0.002,0.002,0.001,0.001,0.000,0.000,0.000,0.000,0.000,0.000,0.000,0.000,0.000,0.000
 35.9,0.000,0.000,0.000,0.000,0.000,0.001,0.035,0.028,0.017,0.011,0.007,0.004,0.003,0.002,0.001,0.001,0.001,0.000,0.000,0.000,0.000,0.000,0.000,0.000,0.000,0.000
 37.2,0.000,0.000,0.000,0.000,0.000,0.001,0.039,0.031,0.019,0.012,0.007,0.005,0.003,0.002,0.001,0.001,0.001,0.000,0.000,0.000,0.000,0.000,0.000,0.000,0.000,0.000
 38.5,0.000,0.000,0.000,0.000,0.000,0.001,0.042,0.033,0.021,0.013,0.008,0.005,0.003,0.002,0.001,0.001,0.001,0.000,0.000,0.000,0.000,0.000,0.000,0.000,0.000,0.000
 40.0,0.000,0.000,0.000,0.000,0.000,0.002,0.046,0.037,0.022,0.014,0.009,0.006,0.004,0.003,0.002,0.001,0.001,0.000,0.000,0.000,0.000,0.000,0.000,0.000,0.000,0.000
 41.4,0.000,0.000,0.000,0.000,0.000,0.003,0.050,0.040,0.024,0.015,0.010,0.006,0.004,0.003,0.002,0.001,0.001,0.000,0.000,0.000,0.000,0.000,0.000,0.000,0.000,0.000
 42.9,0.000,0.000,0.000,0.000,0.000,0.004,0.053,0.043,0.027,0.016,0.011,0.007,0.004,0.003,0.002,0.001,0.001,0.001,0.000,0.000,0.000,0.000,0.000,0.000,0.000,0.000
 44.5,0.000,0.000,0.000,0.000,0.000,0.004,0.059,0.048,0.029,0.018,0.011,0.007,0.005,0.003,0.002,0.001,0.001,0.000,0.000,0.000,0.000,0.000,0.000,0.000,0.000,0.000
 46.1,0.000,0.000,0.000,0.000,0.000,0.005,0.067,0.054,0.032,0.020,0.012,0.009,0.005,0.003,0.002,0.001,0.001,0.001,0.000,0.000,0.000,0.000,0.000,0.000,0.000,0.000
 47.8,0.000,0.000,0.000,0.000,0.000,0.006,0.070,0.056,0.034,0.021,0.013,0.008,0.005,0.004,0.002,0.002,0.001,0.001,0.000,0.000,0.000,0.000,0.000,0.000,0.000,0.000
 49.6,0.000,0.000,0.000,0.000,0.000,0.007,0.076,0.062,0.039,0.023,0.015,0.010,0.006,0.004,0.002,0.002,0.001,0.001,0.001,0.000,0.000,0.000,0.000,0.000,0.000,0.000
 51.4,0.000,0.000,0.000,0.000,0.000,0.009,0.085,0.068,0.041,0.025,0.017,0.011,0.007,0.004,0.003,0.002,0.001,0.001,0.001,0.001,0.000,0.000,0.000,0.000,0.000,0.000
 53.3,0.000,0.000,0.000,0.000,0.000,0.012,0.092,0.075,0.046,0.028,0.018,0.011,0.007,0.005,0.003,0.002,0.001,0.001,0.001,0.000,0.000,0.000,0.000,0.000,0.000,0.000
 55.2,0.001,0.000,0.000,0.000,0.000,0.014,0.098,0.079,0.049,0.029,0.019,0.013,0.008,0.005,0.004,0.002,0.001,0.001,0.001,0.000,0.000,0.000,0.000,0.000,0.000,0.000
 57.3,0.001,0.000,0.000,0.000,0.000,0.015,0.108,0.086,0.053,0.033,0.021,0.013,0.008,0.006,0.004,0.002,0.001,0.001,0.001,0.000,0.000,0.000,0.000,0.000,0.000,0.000
 59.4,0.001,0.000,0.000,0.000,0.000,0.018,0.117,0.092,0.056,0.036,0.022,0.015,0.009,0.006,0.004,0.003,0.002,0.001,0.001,0.000,0.000,0.000,0.000,0.000,0.000,0.000
 61.5,0.001,0.000,0.000,0.000,0.000,0.019,0.130,0.101,0.062,0.039,0.025,0.016,0.010,0.007,0.005,0.003,0.002,0.001,0.001,0.001,0.000,0.000,0.000,0.000,0.000,0.000
 63.8,0.001,0.000,0.000,0.000,0.000,0.024,0.142,0.111,0.069,0.042,0.026,0.017,0.011,0.007,0.005,0.003,0.002,0.001,0.001,0.001,0.000,0.000,0.000,0.000,0.000,0.000
 66.1,0.001,0.001,0.000,0.000,0.000,0.028,0.153,0.116,0.072,0.044,0.029,0.017,0.012,0.008,0.005,0.003,0.002,0.002,0.001,0.001,0.001,0.000,0.000,0.000,0.000,0.000
 68.5,0.001,0.001,0.000,0.000,0.000,0.032,0.165,0.127,0.080,0.048,0.031,0.020,0.013,0.008,0.005,0.004,0.002,0.001,0.001,0.001,0.000,0.000,0.000,0.000,0.000,0.000
 71.0,0.001,0.001,0.000,0.000,0.000,0.035,0.183,0.139,0.084,0.051,0.033,0.022,0.014,0.008,0.006,0.005,0.002,0.002,0.001,0.001,0.000,0.000,0.000,0.000,0.000,0.000
 73.7,0.001,0.001,0.000,0.000,0.000,0.039,0.193,0.145,0.086,0.054,0.035,0.022,0.015,0.009,0.006,0.004,0.003,0.002,0.001,0.001,0.001,0.000,0.000,0.000,0.000,0.000
 76.4,0.002,0.001,0.001,0.000,0.000,0.044,0.206,0.154,0.099,0.059,0.037,0.025,0.015,0.011,0.007,0.005,0.003,0.001,0.001,0.001,0.001,0.000,0.000,0.000,0.000,0.000
 79.1,0.002,0.001,0.001,0.000,0.000,0.045,0.227,0.168,0.103,0.063,0.040,0.026,0.018,0.011,0.007,0.005,0.003,0.002,0.001,0.001,0.001,0.000,0.001,0.000,0.000,0.000
 82.0,0.002,0.001,0.001,0.000,0.000,0.051,0.239,0.173,0.115,0.070,0.043,0.029,0.018,0.011,0.007,0.004,0.003,0.003,0.001,0.001,0.000,0.001,0.001,0.000,0.000,0.000
 85.1,0.002,0.001,0.001,0.000,0.000,0.055,0.258,0.195,0.121,0.075,0.045,0.030,0.019,0.012,0.009,0.006,0.003,0.003,0.001,0.001,0.001,0.001,0.000,0.000,0.000,0.000
 88.2,0.003,0.001,0.001,0.000,0.000,0.060,0.278,0.205,0.131,0.079,0.051,0.031,0.021,0.013,0.009,0.006,0.003,0.002,0.002,0.001,0.001,0.001,0.001,0.000,0.000,0.000
 91.4,0.003,0.001,0.001,0.000,0.000,0.074,0.299,0.223,0.139,0.082,0.054,0.035,0.021,0.015,0.009,0.006,0.004,0.003,0.002,0.001,0.001,0.001,0.001,0.000,0.000,0.000
 94.7,0.002,0.002,0.001,0.000,0.000,0.079,0.314,0.234,0.148,0.090,0.058,0.036,0.024,0.017,0.011,0.006,0.005,0.002,0.002,0.002,0.001,0.001,0.000,0.000,0.000,0.000
 98.2,0.004,0.001,0.001,0.001,0.000,0.089,0.348,0.256,0.162,0.099,0.061,0.039,0.024,0.016,0.011,0.007,0.005,0.003,0.002,0.002,0.001,0.000,0.000,0.000,0.000,0.000
101.8,0.002,0.002,0.001,0.001,0.000,0.100,0.366,0.274,0.169,0.115,0.065,0.040,0.026,0.018,0.012,0.008,0.005,0.003,0.002,0.002,0.001,0.001,0.001,0.001,0.001,0.001
105.5,0.003,0.001,0.001,0.001,0.000,0.109,0.399,0.301,0.188,0.114,0.072,0.045,0.028,0.018,0.013,0.008,0.005,0.004,0.002,0.002,0.001,0.001,0.001,0.001,0.001,0.001
109.4,0.003,0.001,0.001,0.000,0.000,0.113,0.423,0.307,0.199,0.123,0.073,0.049,0.031,0.021,0.012,0.008,0.005,0.003,0.003,0.002,0.002,0.001,0.001,0.001,0.001,0.000
113.4,0.003,0.001,0.001,0.000,0.000,0.122,0.456,0.343,0.212,0.134,0.080,0.051,0.037,0.023,0.015,0.009,0.005,0.005,0.002,0.002,0.002,0.001,0.001,0.001,0.001,0.000
117.6,0.003,0.002,0.001,0.001,0.000,0.131,0.483,0.365,0.228,0.144,0.090,0.052,0.031,0.024,0.016,0.008,0.007,0.004,0.002,0.002,0.001,0.002,0.001,0.001,0.001,0.000
121.9,0.004,0.002,0.001,0.000,0.001,0.135,0.526,0.387,0.248,0.144,0.093,0.058,0.040,0.023,0.014,0.011,0.005,0.004,0.003,0.002,0.002,0.000,0.001,0.001,0.001,0.001
126.3,0.003,0.003,0.001,0.001,0.000,0.152,0.547,0.410,0.259,0.160,0.096,0.062,0.036,0.025,0.017,0.010,0.008,0.006,0.004,0.003,0.002,0.001,0.001,0.001,0.001,0.001
131.0,0.005,0.002,0.001,0.001,0.000,0.178,0.590,0.429,0.261,0.167,0.105,0.066,0.042,0.025,0.017,0.012,0.007,0.005,0.003,0.002,0.002,0.001,0.001,0.001,0.000,0.001
135.8,0.004,0.003,0.002,0.001,0.000,0.193,0.635,0.459,0.291,0.186,0.112,0.073,0.048,0.032,0.021,0.012,0.010,0.007,0.003,0.004,0.003,0.001,0.001,0.000,0.001,0.001
140.7,0.005,0.003,0.001,0.001,0.001,0.213,0.667,0.493,0.310,0.196,0.117,0.070,0.050,0.030,0.018,0.012,0.009,0.006,0.004,0.003,0.002,0.001,0.001,0.001,0.001,0.001
145.9,0.004,0.004,0.001,0.001,0.001,0.220,0.710,0.518,0.322,0.201,0.122,0.079,0.053,0.034,0.019,0.016,0.007,0.006,0.004,0.003,0.003,0.002,0.001,0.000,0.001,0.001
151.2,0.003,0.004,0.002,0.001,0.000,0.240,0.746,0.552,0.344,0.217,0.140,0.080,0.052,0.032,0.017,0.012,0.011,0.006,0.005,0.002,0.002,0.002,0.001,0.001,0.001,0.001
156.8,0.006,0.003,0.002,0.002,0.001,0.258,0.794,0.587,0.359,0.231,0.143,0.086,0.058,0.042,0.023,0.017,0.011,0.008,0.003,0.003,0.003,0.002,0.000,0.001,0.002,0.002
162.5,0.007,0.003,0.003,0.001,0.000,0.282,0.832,0.597,0.387,0.237,0.149,0.092,0.053,0.037,0.023,0.015,0.012,0.007,0.004,0.003,0.002,0.001,0.001,0.001,0.001,0.002
168.5,0.007,0.004,0.001,0.002,0.001,0.325,0.897,0.634,0.389,0.254,0.150,0.093,0.063,0.036,0.023,0.017,0.012,0.008,0.006,0.004,0.002,0.002,0.001,0.002,0.003,0.001
174.7,0.003,0.005,0.002,0.001,0.001,0.355,0.932,0.659,0.417,0.265,0.157,0.108,0.067,0.045,0.025,0.017,0.011,0.008,0.006,0.003,0.003,0.001,0.001,0.002,0.000,0.003
181.1,0.010,0.004,0.002,0.002,0.001,0.402,0.963,0.688,0.434,0.279,0.185,0.118,0.073,0.043,0.028,0.023,0.012,0.010,0.004,0.005,0.003,0.001,0.003,0.001,0.001,0.002
187.7,0.008,0.004,0.002,0.003,0.001,0.446,1.024,0.761,0.452,0.288,0.189,0.120,0.067,0.050,0.030,0.017,0.014,0.011,0.004,0.003,0.002,0.003,0.002,0.001,0.002,0.000
194.6,0.013,0.005,0.005,0.002,0.003,0.454,1.057,0.747,0.481,0.285,0.192,0.122,0.083,0.050,0.032,0.024,0.010,0.009,0.009,0.005,0.005,0.002,0.003,0.002,0.001,0.001
201.7,0.012,0.010,0.004,0.001,0.002,0.473,1.082,0.795,0.535,0.311,0.193,0.127,0.069,0.052,0.036,0.024,0.014,0.011,0.006,0.005,0.002,0.004,0.002,0.001,0.003,0.003
209.1,0.011,0.003,0.004,0.001,0.002,0.506,1.120,0.793,0.520,0.323,0.213,0.118,0.082,0.055,0.040,0.019,0.017,0.012,0.007,0.006,0.002,0.004,0.002,0.001,0.002,0.001
216.7,0.007,0.006,0.003,0.001,0.002,0.522,1.153,0.800,0.520,0.332,0.219,0.134,0.084,0.054,0.035,0.026,0.013,0.012,0.006,0.003,0.006,0.002,0.004,0.002,0.002,0.002
224.7,0.015,0.007,0.002,0.002,0.002,0.548,1.193,0.881,0.541,0.366,0.220,0.142,0.080,0.051,0.033,0.022,0.009,0.008,0.010,0.004,0.004,0.003,0.002,0.004,0.001,0.003
232.9,0.016,0.005,0.003,0.005,0.003,0.524,1.285,0.883,0.580,0.362,0.219,0.141,0.093,0.055,0.045,0.025,0.016,0.009,0.008,0.003,0.004,0.004,0.005,0.002,0.002,0.003
241.4,0.012,0.009,0.003,0.001,0.001,0.545,1.221,0.873,0.562,0.359,0.201,0.135,0.094,0.055,0.041,0.027,0.019,0.007,0.009,0.009,0.006,0.004,0.005,0.003,0.001,0.001
250.3,0.015,0.006,0.006,0.001,0.002,0.571,1.254,0.938,0.567,0.411,0.241,0.136,0.085,0.048,0.036,0.021,0.016,0.014,0.006,0.006,0.005,0.004,0.003,0.000,0.003,0.001
259.5,0.013,0.005,0.007,0.002,0.003,0.588,1.215,0.924,0.626,0.373,0.222,0.162,0.083,0.071,0.035,0.028,0.017,0.007,0.009,0.006,0.006,0.001,0.005,0.001,0.001,0.002
269.0,0.013,0.008,0.004,0.001,0.002,0.561,1.270,0.926,0.561,0.340,0.237,0.161,0.104,0.060,0.033,0.027,0.017,0.011,0.008,0.005,0.003,0.005,0.004,0.007,0.003,0.002
278.8,0.013,0.007,0.002,0.003,0.002,0.594,1.283,0.948,0.580,0.393,0.261,0.142,0.083,0.053,0.035,0.026,0.012,0.012,0.006,0.003,0.004,0.002,0.003,0.001,0.002,0.002
289.0,0.014,0.002,0.002,0.002,0.003,0.552,1.278,0.880,0.603,0.352,0.208,0.148,0.095,0.056,0.050,0.026,0.021,0.017,0.008,0.005,0.007,0.002,0.001,0.002,0.002,0.005
299.6,0.009,0.003,0.008,0.000,0.000,0.532,1.227,0.882,0.602,0.390,0.223,0.139,0.099,0.060,0.041,0.035,0.019,0.006,0.011,0.005,0.003,0.005,0.001,0.003,0.004,0.004
310.6,0.015,0.005,0.003,0.003,0.002,0.495,1.139,0.910,0.554,0.391,0.222,0.108,0.088,0.055,0.052,0.018,0.012,0.010,0.011,0.008,0.003,0.003,0.002,0.002,0.000,0.005
322.0,0.009,0.002,0.002,0.005,0.003,0.495,1.142,0.881,0.555,0.365,0.230,0.146,0.089,0.058,0.033,0.024,0.017,0.003,0.007,0.003,0.005,0.002,0.002,0.002,0.000,0.000
333.8,0.004,0.009,0.000,0.000,0.003,0.421,1.059,0.878,0.516,0.347,0.199,0.133,0.099,0.057,0.020,0.014,0.015,0.002,0.006,0.000,0.002,0.004,0.002,0.002,0.002,0.000
346.0,0.004,0.005,0.000,0.002,0.001,0.406,1.039,0.843,0.495,0.320,0.214,0.132,0.075,0.060,0.032,0.037,0.015,0.004,0.004,0.004,0.004,0.006,0.002,0.009,0.000,0.000
358.7,0.002,0.002,0.007,0.000,0.000,0.338,1.029,0.795,0.525,0.292,0.200,0.148,0.075,0.044,0.042,0.017,0.012,0.005,0.005,0.007,0.002,0.000,0.005,0.000,0.002,0.000
371.8,0.011,0.006,0.003,0.000,0.000,0.376,0.892,0.730,0.526,0.330,0.182,0.090,0.067,0.054,0.040,0.036,0.030,0.006,0.011,0.003,0.003,0.000,0.003,0.003,0.000,0.000
385.4,0.000,0.000,0.003,0.000,0.000,0.259,0.852,0.727,0.454,0.256,0.167,0.068,0.051,0.042,0.031,0.025,0.013,0.003,0.006,0.006,0.009,0.000,0.000,0.000,0.003,0.000
399.5,0.000,0.000,0.004,0.000,0.000,0.265,0.775,0.668,0.376,0.379,0.198,0.129,0.092,0.045,0.021,0.010,0.014,0.018,0.004,0.004,0.007,0.000,0.000,0.007,0.000,0.000
414.2,0.004,0.004,0.000,0.000,0.000,0.240,0.804,0.581,0.383,0.241,0.137,0.100,0.030,0.030,0.024,0.022,0.008,0.005,0.004,0.004,0.000,0.000,0.004,0.000,0.004,0.000
429.4,0.005,0.000,0.000,0.000,0.000,0.192,0.743,0.695,0.356,0.201,0.122,0.075,0.021,0.030,0.018,0.014,0.009,0.008,0.005,0.000,0.000,0.005,0.000,0.000,0.000,0.000
445.1,0.000,0.000,0.000,0.000,0.000,0.241,0.622,0.663,0.262,0.216,0.144,0.092,0.026,0.031,0.015,0.015,0.005,0.005,0.005,0.005,0.005,0.000,0.000,0.000,0.000,0.000
461.4,0.000,0.000,0.000,0.000,0.000,0.177,0.654,0.628,0.339,0.181,0.110,0.105,0.046,0.023,0.012,0.012,0.006,0.000,0.000,0.000,0.006,0.000,0.000,0.000,0.000,0.000
478.3,0.000,0.000,0.000,0.000,0.000,0.149,0.662,0.421,0.355,0.218,0.097,0.086,0.086,0.020,0.033,0.020,0.007,0.000,0.000,0.000,0.007,0.000,0.000,0.000,0.000,0.000
495.8,0.007,0.000,0.007,0.007,0.000,0.195,0.499,0.474,0.268,0.168,0.099,0.030,0.030,0.022,0.007,0.015,0.015,0.007,0.000,0.000,0.000,0.000,0.000,0.000,0.000,0.000
514.0,0.000,0.000,0.000,0.000,0.000,0.167,0.619,0.368,0.253,0.131,0.106,0.034,0.025,0.034,0.017,0.017,0.008,0.000,0.000,0.000,0.000,0.000,0.000,0.000,0.000,0.000
532.8,0.000,0.000,0.000,0.000,0.000,0.206,0.658,0.382,0.307,0.182,0.081,0.038,0.018,0.029,0.048,0.000,0.000,0.000,0.000,0.000,0.000,0.010,0.000,0.000,0.010,0.000
552.3,0.000,0.000,0.000,0.000,0.000,0.174,0.555,0.349,0.283,0.120,0.098,0.043,0.023,0.033,0.000,0.000,0.000,0.000,0.000,0.000,0.000,0.000,0.000,0.000,0.000,0.000
572.5,0.000,0.000,0.000,0.000,0.000,0.130,0.743,0.346,0.235,0.148,0.160,0.074,0.000,0.012,0.012,0.012,0.000,0.000,0.000,0.000,0.000,0.000,0.000,0.000,0.000,0.000
593.5,0.000,0.000,0.000,0.000,0.000,0.000,0.000,0.000,0.000,0.000,0.000,0.000,0.000,0.000,0.000,0.000,0.000,0.000,0.000,0.000,0.000,0.000,0.000,0.000,0.000,0.000
615.3,0.000,0.000,0.000,0.000,0.000,0.000,0.000,0.000,0.000,0.000,0.000,0.000,0.000,0.000,0.000,0.000,0.000,0.000,0.000,0.000,0.000,0.000,0.000,0.000,0.000,0.000
637.8,0.000,0.000,0.000,0.000,0.000,0.000,0.000,0.000,0.000,0.000,0.000,0.000,0.000,0.000,0.000,0.000,0.000,0.000,0.000,0.000,0.000,0.000,0.000,0.000,0.000,0.000
661.2,0.000,0.000,0.000,0.000,0.000,0.000,0.000,0.000,0.000,0.000,0.000,0.000,0.000,0.000,0.000,0.000,0.000,0.000,0.000,0.000,0.000,0.000,0.000,0.000,0.000,0.000
685.4,0.000,0.000,0.000,0.000,0.000,0.000,0.000,0.000,0.000,0.000,0.000,0.000,0.000,0.000,0.000,0.000,0.000,0.000,0.000,0.000,0.000,0.000,0.000,0.000,0.000,0.000
710.5,0.000,0.000,0.000,0.000,0.000,0.000,0.000,0.000,0.000,0.000,0.000,0.000,0.000,0.000,0.000,0.000,0.000,0.000,0.000,0.000,0.000,0.000,0.000,0.000,0.000,0.000
736.5,0.000,0.000,0.000,0.000,0.000,0.000,0.000,0.000,0.000,0.000,0.000,0.000,0.000,0.000,0.000,0.000,0.000,0.000,0.000,0.000,0.000,0.000,0.000,0.000,0.000,0.000
Scan Time (s),155,155,155,155,155,155,155,155,155,155,155,155,155,155,155,155,155,155,155,155,155,155,155,155,155,155
Retrace Time (s),4,4,4,4,4,4,4,4,4,4,4,4,4,4,4,4,4,4,4,4,4,4,4,4,4,4
Scan Resolution (Hz),50,50,50,50,50,50,50,50,50,50,50,50,50,50,50,50,50,50,50,50,50,50,50,50,50,50
Scans Per Sample,1,1,1,1,1,1,1,1,1,1,1,1,1,1,1,1,1,1,1,1,1,1,1,1,1,1
Sheath Flow (L/min),3.000,3.000,3.000,3.000,3.000,3.000,3.000,3.000,3.000,3.000,3.000,3.000,3.000,3.000,3.000,3.000,3.000,3.000,3.000,3.000,3.000,3.000,3.000,3.000,3.000,3.000
Aerosol Flow (L/min),0.877,0.877,0.877,0.878,0.878,0.878,0.879,0.879,0.879,0.879,0.880,0.880,0.880,0.880,0.880,0.880,0.880,0.880,0.880,0.880,0.880,0.881,0.881,0.881,0.881,0.881
Bypass Flow (L/min),0.00,0.00,0.00,0.00,0.00,0.00,0.00,0.00,0.00,0.00,0.00,0.00,0.00,0.00,0.00,0.00,0.00,0.00,0.00,0.00,0.00,0.00,0.00,0.00,0.00,0.00
Low Voltage (V),10.33,10.31,10.31,10.31,10.31,10.31,10.31,10.31,10.31,10.31,10.31,10.31,10.31,10.30,10.30,10.30,10.30,10.30,10.30,10.30,10.30,10.30,10.30,10.30,10.30,10.30
High Voltage (V),9749.92,9747.58,9749.30,9749.30,9750.67,9750.67,9752.38,9752.03,9753.75,9753.75,9755.46,9755.11,9755.11,9756.82,9756.82,9756.82,9758.54,9758.54,9758.54,9760.25,9760.25,9760.25,9759.90,9761.61,9761.61,9761.61
Lower Size (nm), 15.4, 15.4, 15.4, 15.4, 15.4, 15.4, 15.4, 15.4, 15.4, 15.4, 15.4, 15.4, 15.4, 15.4, 15.4, 15.4, 15.4, 15.4, 15.4, 15.4, 15.4, 15.4, 15.4, 15.4, 15.4, 15.4
Upper Size (nm),749.9,749.9,749.9,749.9,749.9,749.9,749.9,749.9,749.9,749.9,749.9,749.9,749.9,749.9,749.9,749.9,749.9,749.9,749.9,749.9,749.9,749.9,749.9,749.9,749.9,749.9
Density (g/cm³),1.8,1.8,1.8,1.8,1.8,1.8,1.8,1.8,1.8,1.8,1.8,1.8,1.8,1.8,1.8,1.8,1.8,1.8,1.8,1.8,1.8,1.8,1.8,1.8,1.8,1.8
td + 0.5 (s),1.54,1.54,1.54,1.54,1.54,1.54,1.54,1.54,1.54,1.54,1.54,1.54,1.54,1.54,1.54,1.54,1.54,1.54,1.54,1.54,1.54,1.54,1.54,1.54,1.54,1.54
tf (s),6.40,6.40,6.40,6.40,6.40,6.40,6.40,6.40,6.40,6.40,6.40,6.40,6.40,6.40,6.40,6.40,6.40,6.40,6.40,6.40,6.40,6.39,6.39,6.39,6.39,6.39
D50 (nm),564.6,564.5,564.5,564.2,564.2,564.2,563.9,563.9,563.9,563.9,563.6,563.6,563.6,563.6,563.6,563.6,563.7,563.7,563.7,563.7,563.7,563.4,563.4,563.4,563.4,563.4
Neutralizer Status,ON,ON,ON,ON,ON,ON,ON,ON,ON,ON,ON,ON,ON,ON,ON,ON,ON,ON,ON,ON,ON,ON,ON,ON,ON,ON
Median (nm),227.066,217.999,243.505,228.862,225.547,245.863,236.777,240.230,239.991,241.594,240.125,237.077,232.587,236.067,238.821,241.926,239.421,212.683,228.964,224.983,246.885,237.794,233.015,242.106,247.897,216.420
Mean (nm),227.571,220.047,249.080,243.258,223.431,260.944,255.451,255.801,256.440,256.139,256.826,252.005,244.046,251.676,254.845,255.080,247.741,227.566,232.954,228.510,257.646,253.414,230.988,244.552,273.314,209.981
Geo. Mean (nm),206.408,200.596,223.753,214.805,208.082,236.803,220.788,220.968,221.643,222.236,222.110,218.499,212.604,217.497,220.287,221.502,215.978,199.035,206.142,200.380,226.536,220.874,208.806,220.629,239.030,195.425
Mode (nm),232.910,201.691,299.614,495.807,321.968,278.813,232.910,278.813,259.455,250.287,278.813,259.455,268.960,259.455,310.590,345.989,371.803,399.542,371.803,241.442,385.423,532.798,232.910,345.989,532.798,289.026
Geo. Std. Dev.,1.605,1.587,1.636,1.682,1.507,1.581,1.784,1.794,1.790,1.778,1.787,1.779,1.764,1.790,1.791,1.778,1.766,1.744,1.718,1.747,1.735,1.752,1.635,1.645,1.727,1.509
Total Conc. (µg/m³),3.393900e-001,1.736522e-001,1.160193e-001,6.400006e-002,4.909593e-002,1.664336e+001,4.659030e+001,3.480475e+001,2.191969e+001,1.383999e+001,8.577767e+000,5.312588e+000,3.273224e+000,2.179025e+000,1.441963e+000,9.660675e-001,6.055112e-001,3.610305e-001,2.625709e-001,1.784821e-001,1.615073e-001,1.062402e-001,8.780672e-002,7.858195e-002,7.140267e-002,6.073285e-002
Title,,,,,,,,,,,,,,,,,,,,,,,,,,
User Name,VanceLab,VanceLab,VanceLab,VanceLab,VanceLab,VanceLab,VanceLab,VanceLab,VanceLab,VanceLab,VanceLab,VanceLab,VanceLab,VanceLab,VanceLab,VanceLab,VanceLab,VanceLab,VanceLab,VanceLab,VanceLab,VanceLab,VanceLab,VanceLab,VanceLab,VanceLab
Sample ID,,,,,,,,,,,,,,,,,,,,,,,,,,
Instrument ID,,,,,,,,,,,,,,,,,,,,,,,,,,
Lab ID,,,,,,,,,,,,,,,,,,,,,,,,,,
Leak Test and Leakage Rate,,,,,,,,,,,,,,,,,,,,,,,,,,
Instrument Errors,Normal Scan,Normal Scan,Normal Scan,Normal Scan,Normal Scan,Normal Scan,Normal Scan,Normal Scan,Normal Scan,Normal Scan,Normal Scan,Normal Scan,Normal Scan,Normal Scan,Normal Scan,Normal Scan,Normal Scan,Normal Scan,Normal Scan,Normal Scan,Normal Scan,Normal Scan,Normal Scan,Normal Scan,Normal Scan,Normal Scan
Comment,,,,,,,,,,,,,,,,,,,,,,,,,,
