Sample File,C:\Users\VanceLab\Desktop\VL_CU_SMPS_APS_CADR_20220712\VL_CU_SMPS_CADR_oreck_SCAN3.S82,
AIM Version,10.3.1.0
Classifier Model,3082       ,Classifier S/N,3082021905001   ,Classifier Firmware Version,2.60
Neutralizer Model,3088,Neutralizer S/N,3088011906004
Impactor (cm),0.071,Impactor S/N,7100764
DMA Model,3081,DMA S/N,3081A1903007
DMA Inner Radius (cm),0.937
DMA Outer Radius (cm),1.961
DMA Characteristic Length (cm),44.369
HV Polarity,NEG,
Detector Model,3750,Detector S/N,3750190603,Nano Enhancer , None
Detector Sample Flow (L/min),1.00,Detector Inlet Flow (L/min),1.00
Reference Gas Viscosity (Pa*s),1.832450e-005
Reference Mean Free Path (m),6.730000e-008
Reference Gas Temperature (K),296.15
Reference Gas Pressure (kPa),101.30
Sutherland Constant (K),110.40
Tube Length (cm),25.40
Tube Diameter (cm),0.48
Channels/Decade,64
Multiple Charge Correction,TRUE
Nanoparticle Agglomerate Mobility Analysis,FALSE
Diffusion Correction,TRUE
Units,Concentration (DW)
Weight,Mass
Sample #,1,2,3,4,5,6,7,8,9,10,11,12,13,14,15,16,17,18,19,20,21,22,23,24,25,26,27
Date,7/12/2022,7/12/2022,7/12/2022,7/12/2022,7/12/2022,7/12/2022,7/12/2022,7/12/2022,7/12/2022,7/12/2022,7/12/2022,7/12/2022,7/12/2022,7/12/2022,7/12/2022,7/12/2022,7/12/2022,7/12/2022,7/12/2022,7/12/2022,7/12/2022,7/12/2022,7/12/2022,7/12/2022,7/12/2022,7/12/2022,7/12/2022
Start Time,14:35:00,14:38:00,14:41:00,14:44:00,14:47:00,14:50:00,14:53:00,14:56:00,14:59:00,15:02:01,15:05:00,15:08:00,15:11:00,15:14:00,15:17:00,15:20:00,15:23:00,15:26:00,15:29:00,15:32:00,15:35:00,15:38:00,15:41:00,15:44:00,15:47:00,15:50:00,15:53:00
Sample Temp (C),23.6,23.7,23.8,23.8,23.9,23.9,24.0,24.0,24.0,24.0,24.0,24.1,24.1,24.1,24.1,24.1,24.2,24.2,24.2,24.2,24.2,24.3,24.3,24.3,24.3,24.3,24.3
Sample Pressure (kPa),81.5,81.5,81.5,81.4,81.4,81.4,81.4,81.4,81.4,81.4,81.4,81.4,81.4,81.4,81.4,81.4,81.4,81.3,81.3,81.4,81.3,81.3,81.3,81.3,81.3,81.4,81.3
Relative Humidity (%),50.5,50.3,50.2,50.2,50.1,50.1,50.1,50.1,50.1,50.1,50.1,50.1,50.1,50.1,50.1,50.1,50.1,50.1,50.1,50.1,50.1,50.1,50.1,50.0,50.0,50.0,50.0
Mean Free Path (m),8.38657e-008,8.39016e-008,8.39376e-008,8.40407e-008,8.40767e-008,8.40767e-008,8.41126e-008,8.41126e-008,8.41126e-008,8.41126e-008,8.41126e-008,8.41486e-008,8.41486e-008,8.41486e-008,8.41486e-008,8.41486e-008,8.41846e-008,8.42881e-008,8.42881e-008,8.41846e-008,8.42881e-008,8.43241e-008,8.43241e-008,8.43241e-008,8.43241e-008,8.42206e-008,8.43241e-008
Gas Viscosity (Pa*s),1.83531e-005,1.83579e-005,1.83627e-005,1.83627e-005,1.83674e-005,1.83674e-005,1.83722e-005,1.83722e-005,1.83722e-005,1.83722e-005,1.83722e-005,1.83770e-005,1.83770e-005,1.83770e-005,1.83770e-005,1.83770e-005,1.83817e-005,1.83817e-005,1.83817e-005,1.83817e-005,1.83817e-005,1.83865e-005,1.83865e-005,1.83865e-005,1.83865e-005,1.83865e-005,1.83865e-005
Diameter Midpoint (nm)
 15.7,0.000,0.000,0.000,0.000,0.000,0.000,0.003,0.003,0.002,0.001,0.001,0.000,0.000,0.000,0.000,0.000,0.000,0.000,0.000,0.000,0.000,0.000,0.000,0.000,0.000,0.000,0.000
 16.3,0.000,0.000,0.000,0.000,0.000,0.000,0.004,0.003,0.002,0.001,0.001,0.000,0.000,0.000,0.000,0.000,0.000,0.000,0.000,0.000,0.000,0.000,0.000,0.000,0.000,0.000,0.000
 16.8,0.000,0.000,0.000,0.000,0.000,0.000,0.004,0.004,0.002,0.001,0.001,0.000,0.000,0.000,0.000,0.000,0.000,0.000,0.000,0.000,0.000,0.000,0.000,0.000,0.000,0.000,0.000
 17.5,0.000,0.000,0.000,0.000,0.000,0.000,0.004,0.004,0.002,0.001,0.001,0.000,0.000,0.000,0.000,0.000,0.000,0.000,0.000,0.000,0.000,0.000,0.000,0.000,0.000,0.000,0.000
 18.1,0.000,0.000,0.000,0.000,0.000,0.000,0.005,0.005,0.003,0.002,0.001,0.001,0.000,0.000,0.000,0.000,0.000,0.000,0.000,0.000,0.000,0.000,0.000,0.000,0.000,0.000,0.000
 18.8,0.000,0.000,0.000,0.000,0.000,0.000,0.006,0.005,0.003,0.002,0.001,0.001,0.000,0.000,0.000,0.000,0.000,0.000,0.000,0.000,0.000,0.000,0.000,0.000,0.000,0.000,0.000
 19.5,0.000,0.000,0.000,0.000,0.000,0.000,0.006,0.005,0.003,0.002,0.001,0.001,0.000,0.000,0.000,0.000,0.000,0.000,0.000,0.000,0.000,0.000,0.000,0.000,0.000,0.000,0.000
 20.2,0.000,0.000,0.000,0.000,0.000,0.000,0.007,0.006,0.004,0.002,0.001,0.001,0.001,0.000,0.000,0.000,0.000,0.000,0.000,0.000,0.000,0.000,0.000,0.000,0.000,0.000,0.000
 20.9,0.000,0.000,0.000,0.000,0.000,0.000,0.008,0.007,0.004,0.002,0.001,0.001,0.001,0.000,0.000,0.000,0.000,0.000,0.000,0.000,0.000,0.000,0.000,0.000,0.000,0.000,0.000
 21.7,0.000,0.000,0.000,0.000,0.000,0.000,0.008,0.008,0.004,0.003,0.002,0.001,0.001,0.000,0.000,0.000,0.000,0.000,0.000,0.000,0.000,0.000,0.000,0.000,0.000,0.000,0.000
 22.5,0.000,0.000,0.000,0.000,0.000,0.000,0.009,0.008,0.005,0.003,0.002,0.001,0.001,0.000,0.000,0.000,0.000,0.000,0.000,0.000,0.000,0.000,0.000,0.000,0.000,0.000,0.000
 23.3,0.000,0.000,0.000,0.000,0.000,0.000,0.010,0.009,0.006,0.003,0.002,0.001,0.001,0.001,0.000,0.000,0.000,0.000,0.000,0.000,0.000,0.000,0.000,0.000,0.000,0.000,0.000
 24.1,0.000,0.000,0.000,0.000,0.000,0.000,0.011,0.010,0.006,0.004,0.002,0.001,0.001,0.001,0.000,0.000,0.000,0.000,0.000,0.000,0.000,0.000,0.000,0.000,0.000,0.000,0.000
 25.0,0.000,0.000,0.000,0.000,0.000,0.000,0.012,0.011,0.006,0.004,0.002,0.002,0.001,0.001,0.000,0.000,0.000,0.000,0.000,0.000,0.000,0.000,0.000,0.000,0.000,0.000,0.000
 25.9,0.000,0.000,0.000,0.000,0.000,0.000,0.014,0.012,0.007,0.005,0.003,0.002,0.001,0.001,0.000,0.000,0.000,0.000,0.000,0.000,0.000,0.000,0.000,0.000,0.000,0.000,0.000
 26.9,0.000,0.000,0.000,0.000,0.000,0.000,0.015,0.013,0.008,0.005,0.003,0.002,0.001,0.001,0.000,0.000,0.000,0.000,0.000,0.000,0.000,0.000,0.000,0.000,0.000,0.000,0.000
 27.9,0.000,0.000,0.000,0.000,0.000,0.000,0.017,0.014,0.009,0.005,0.003,0.002,0.001,0.001,0.001,0.000,0.000,0.000,0.000,0.000,0.000,0.000,0.000,0.000,0.000,0.000,0.000
 28.9,0.000,0.000,0.000,0.000,0.000,0.000,0.019,0.016,0.009,0.006,0.004,0.002,0.002,0.001,0.001,0.000,0.000,0.000,0.000,0.000,0.000,0.000,0.000,0.000,0.000,0.000,0.000
 30.0,0.000,0.000,0.000,0.000,0.000,0.000,0.021,0.017,0.010,0.006,0.004,0.003,0.002,0.001,0.001,0.001,0.000,0.000,0.000,0.000,0.000,0.000,0.000,0.000,0.000,0.000,0.000
 31.1,0.000,0.000,0.000,0.000,0.000,0.000,0.023,0.019,0.012,0.007,0.004,0.003,0.002,0.001,0.001,0.001,0.000,0.000,0.000,0.000,0.000,0.000,0.000,0.000,0.000,0.000,0.000
 32.2,0.000,0.000,0.000,0.000,0.000,0.000,0.025,0.021,0.013,0.008,0.005,0.003,0.002,0.001,0.001,0.001,0.000,0.000,0.000,0.000,0.000,0.000,0.000,0.000,0.000,0.000,0.000
 33.4,0.000,0.000,0.000,0.000,0.000,0.000,0.028,0.023,0.014,0.009,0.006,0.003,0.002,0.001,0.001,0.001,0.000,0.000,0.000,0.000,0.000,0.000,0.000,0.000,0.000,0.000,0.000
 34.6,0.000,0.000,0.000,0.000,0.000,0.001,0.031,0.024,0.015,0.009,0.006,0.004,0.002,0.002,0.001,0.001,0.000,0.000,0.000,0.000,0.000,0.000,0.000,0.000,0.000,0.000,0.000
 35.9,0.000,0.000,0.000,0.000,0.000,0.001,0.034,0.027,0.017,0.010,0.006,0.004,0.003,0.002,0.001,0.001,0.001,0.000,0.000,0.000,0.000,0.000,0.000,0.000,0.000,0.000,0.000
 37.2,0.000,0.000,0.000,0.000,0.000,0.001,0.037,0.030,0.019,0.011,0.007,0.005,0.003,0.002,0.001,0.001,0.001,0.000,0.000,0.000,0.000,0.000,0.000,0.000,0.000,0.000,0.000
 38.5,0.000,0.000,0.000,0.000,0.000,0.002,0.042,0.032,0.020,0.012,0.008,0.005,0.003,0.002,0.002,0.001,0.001,0.000,0.000,0.000,0.000,0.000,0.000,0.000,0.000,0.000,0.000
 40.0,0.000,0.000,0.000,0.000,0.000,0.004,0.046,0.036,0.022,0.013,0.009,0.005,0.004,0.002,0.002,0.001,0.001,0.001,0.000,0.000,0.000,0.000,0.000,0.000,0.000,0.000,0.000
 41.4,0.000,0.000,0.000,0.000,0.000,0.005,0.049,0.039,0.024,0.015,0.010,0.006,0.004,0.003,0.002,0.001,0.001,0.001,0.000,0.000,0.000,0.000,0.000,0.000,0.000,0.000,0.000
 42.9,0.000,0.000,0.000,0.000,0.000,0.006,0.055,0.042,0.027,0.016,0.010,0.006,0.005,0.003,0.002,0.001,0.001,0.001,0.000,0.000,0.000,0.000,0.000,0.000,0.000,0.000,0.000
 44.5,0.000,0.000,0.000,0.000,0.000,0.007,0.058,0.047,0.028,0.018,0.011,0.007,0.005,0.003,0.002,0.001,0.001,0.001,0.000,0.000,0.000,0.000,0.000,0.000,0.000,0.000,0.000
 46.1,0.000,0.000,0.000,0.000,0.000,0.008,0.064,0.050,0.030,0.019,0.013,0.008,0.005,0.003,0.002,0.002,0.001,0.001,0.000,0.000,0.000,0.000,0.000,0.000,0.000,0.000,0.000
 47.8,0.000,0.000,0.000,0.000,0.000,0.009,0.070,0.054,0.033,0.021,0.012,0.008,0.006,0.004,0.002,0.002,0.001,0.001,0.001,0.000,0.000,0.000,0.000,0.000,0.000,0.000,0.000
 49.6,0.001,0.000,0.000,0.000,0.000,0.010,0.076,0.060,0.037,0.023,0.014,0.009,0.006,0.004,0.003,0.002,0.001,0.001,0.000,0.000,0.000,0.000,0.000,0.000,0.000,0.000,0.000
 51.4,0.001,0.000,0.000,0.000,0.000,0.012,0.084,0.065,0.038,0.024,0.016,0.010,0.006,0.004,0.003,0.002,0.001,0.001,0.001,0.000,0.000,0.000,0.000,0.000,0.000,0.000,0.000
 53.3,0.001,0.000,0.000,0.000,0.000,0.014,0.091,0.070,0.044,0.028,0.017,0.010,0.007,0.004,0.003,0.002,0.001,0.001,0.001,0.000,0.000,0.000,0.000,0.000,0.000,0.000,0.000
 55.2,0.001,0.000,0.000,0.000,0.000,0.015,0.099,0.077,0.048,0.030,0.019,0.012,0.008,0.005,0.003,0.002,0.001,0.001,0.001,0.001,0.000,0.000,0.000,0.000,0.000,0.000,0.000
 57.3,0.001,0.000,0.000,0.000,0.000,0.018,0.107,0.082,0.052,0.031,0.020,0.012,0.008,0.005,0.003,0.002,0.001,0.001,0.001,0.000,0.000,0.000,0.000,0.000,0.000,0.000,0.000
 59.4,0.001,0.001,0.000,0.000,0.000,0.021,0.118,0.091,0.055,0.034,0.022,0.015,0.008,0.005,0.004,0.002,0.002,0.001,0.001,0.001,0.000,0.000,0.000,0.000,0.000,0.000,0.000
 61.5,0.001,0.001,0.000,0.000,0.000,0.022,0.128,0.100,0.060,0.037,0.024,0.014,0.010,0.006,0.004,0.002,0.002,0.001,0.001,0.001,0.001,0.000,0.000,0.000,0.000,0.000,0.000
 63.8,0.002,0.001,0.000,0.000,0.000,0.024,0.137,0.107,0.064,0.041,0.026,0.016,0.010,0.007,0.004,0.003,0.002,0.001,0.001,0.001,0.000,0.000,0.000,0.000,0.000,0.000,0.000
 66.1,0.002,0.001,0.001,0.000,0.000,0.029,0.151,0.115,0.070,0.044,0.026,0.018,0.012,0.007,0.005,0.003,0.002,0.001,0.001,0.001,0.000,0.000,0.000,0.000,0.000,0.000,0.000
 68.5,0.002,0.001,0.000,0.000,0.000,0.031,0.160,0.123,0.076,0.047,0.030,0.019,0.011,0.008,0.005,0.003,0.002,0.001,0.001,0.001,0.000,0.000,0.000,0.000,0.000,0.000,0.000
 71.0,0.002,0.001,0.001,0.000,0.000,0.034,0.177,0.132,0.080,0.051,0.031,0.020,0.012,0.008,0.006,0.003,0.002,0.002,0.001,0.001,0.001,0.000,0.000,0.000,0.000,0.000,0.000
 73.7,0.002,0.001,0.001,0.000,0.000,0.039,0.185,0.141,0.085,0.055,0.035,0.021,0.014,0.009,0.005,0.004,0.002,0.002,0.001,0.001,0.000,0.000,0.000,0.000,0.000,0.000,0.000
 76.4,0.002,0.001,0.001,0.000,0.000,0.045,0.201,0.154,0.094,0.057,0.035,0.022,0.014,0.009,0.006,0.004,0.003,0.002,0.001,0.001,0.001,0.001,0.000,0.000,0.000,0.000,0.000
 79.1,0.003,0.001,0.001,0.000,0.000,0.055,0.216,0.164,0.101,0.063,0.039,0.023,0.015,0.010,0.007,0.004,0.003,0.002,0.001,0.001,0.001,0.001,0.000,0.000,0.000,0.000,0.000
 82.0,0.003,0.001,0.001,0.001,0.000,0.058,0.232,0.174,0.108,0.068,0.043,0.026,0.017,0.011,0.007,0.005,0.003,0.002,0.001,0.001,0.001,0.000,0.000,0.001,0.000,0.000,0.000
 85.1,0.003,0.002,0.001,0.001,0.001,0.061,0.256,0.192,0.119,0.069,0.044,0.029,0.018,0.013,0.008,0.005,0.003,0.002,0.002,0.001,0.001,0.001,0.001,0.000,0.000,0.000,0.000
 88.2,0.004,0.002,0.001,0.001,0.000,0.065,0.272,0.198,0.122,0.075,0.049,0.030,0.018,0.013,0.008,0.005,0.003,0.002,0.001,0.002,0.001,0.001,0.000,0.000,0.000,0.000,0.000
 91.4,0.004,0.002,0.001,0.001,0.001,0.070,0.295,0.224,0.133,0.085,0.052,0.034,0.021,0.014,0.009,0.005,0.005,0.002,0.002,0.001,0.001,0.001,0.000,0.001,0.000,0.000,0.000
 94.7,0.005,0.002,0.001,0.001,0.001,0.080,0.305,0.231,0.142,0.089,0.055,0.033,0.022,0.016,0.008,0.005,0.005,0.003,0.002,0.002,0.001,0.000,0.000,0.000,0.000,0.000,0.000
 98.2,0.004,0.001,0.001,0.001,0.001,0.093,0.339,0.254,0.153,0.095,0.056,0.036,0.023,0.017,0.009,0.007,0.004,0.002,0.001,0.002,0.001,0.001,0.001,0.000,0.001,0.000,0.000
101.8,0.005,0.002,0.001,0.001,0.001,0.104,0.364,0.272,0.169,0.104,0.061,0.042,0.026,0.015,0.010,0.007,0.004,0.003,0.002,0.002,0.001,0.001,0.000,0.000,0.001,0.001,0.000
105.5,0.006,0.003,0.002,0.001,0.000,0.115,0.386,0.294,0.178,0.104,0.067,0.043,0.026,0.018,0.009,0.008,0.003,0.003,0.002,0.002,0.001,0.001,0.001,0.001,0.001,0.000,0.000
109.4,0.007,0.003,0.001,0.001,0.000,0.128,0.419,0.297,0.188,0.117,0.072,0.045,0.028,0.019,0.013,0.008,0.006,0.003,0.002,0.002,0.002,0.001,0.001,0.001,0.000,0.001,0.001
113.4,0.006,0.003,0.002,0.001,0.001,0.136,0.455,0.323,0.203,0.127,0.082,0.048,0.029,0.018,0.012,0.008,0.006,0.003,0.002,0.002,0.002,0.001,0.001,0.000,0.000,0.001,0.000
117.6,0.007,0.004,0.002,0.001,0.001,0.152,0.476,0.354,0.207,0.134,0.088,0.056,0.031,0.022,0.013,0.009,0.006,0.004,0.003,0.002,0.001,0.001,0.001,0.001,0.002,0.001,0.001
121.9,0.007,0.004,0.002,0.001,0.001,0.174,0.508,0.369,0.234,0.144,0.088,0.054,0.034,0.023,0.012,0.008,0.007,0.003,0.002,0.002,0.002,0.001,0.001,0.001,0.001,0.000,0.001
126.3,0.007,0.003,0.002,0.001,0.000,0.183,0.548,0.401,0.246,0.158,0.099,0.060,0.036,0.022,0.014,0.010,0.007,0.004,0.003,0.002,0.002,0.001,0.001,0.000,0.001,0.001,0.002
131.0,0.009,0.004,0.002,0.001,0.001,0.191,0.585,0.429,0.267,0.157,0.103,0.057,0.042,0.026,0.018,0.012,0.007,0.004,0.004,0.002,0.001,0.002,0.001,0.000,0.001,0.001,0.000
135.8,0.008,0.004,0.001,0.001,0.001,0.217,0.621,0.445,0.286,0.167,0.109,0.067,0.041,0.026,0.016,0.010,0.006,0.004,0.003,0.002,0.002,0.002,0.002,0.001,0.001,0.002,0.001
140.7,0.008,0.004,0.002,0.001,0.001,0.241,0.657,0.500,0.300,0.177,0.110,0.074,0.044,0.030,0.020,0.014,0.006,0.005,0.004,0.002,0.002,0.002,0.001,0.001,0.000,0.002,0.000
145.9,0.010,0.004,0.003,0.001,0.000,0.262,0.725,0.519,0.313,0.203,0.119,0.073,0.045,0.028,0.020,0.014,0.006,0.005,0.005,0.001,0.002,0.002,0.002,0.001,0.002,0.001,0.002
151.2,0.010,0.005,0.002,0.001,0.001,0.278,0.738,0.539,0.343,0.208,0.134,0.087,0.057,0.034,0.022,0.014,0.011,0.006,0.005,0.004,0.002,0.001,0.001,0.001,0.002,0.001,0.001
156.8,0.008,0.004,0.002,0.001,0.001,0.312,0.784,0.562,0.363,0.224,0.144,0.088,0.054,0.034,0.022,0.013,0.009,0.006,0.004,0.004,0.003,0.002,0.001,0.001,0.001,0.001,0.001
162.5,0.010,0.006,0.003,0.001,0.001,0.334,0.857,0.597,0.366,0.222,0.146,0.087,0.051,0.037,0.020,0.015,0.010,0.005,0.004,0.003,0.003,0.002,0.001,0.002,0.002,0.001,0.001
168.5,0.013,0.006,0.002,0.003,0.000,0.370,0.833,0.625,0.413,0.229,0.157,0.098,0.059,0.042,0.022,0.016,0.008,0.006,0.004,0.004,0.004,0.002,0.000,0.001,0.002,0.001,0.001
174.7,0.008,0.003,0.003,0.003,0.001,0.395,0.960,0.658,0.402,0.244,0.149,0.104,0.068,0.039,0.031,0.015,0.010,0.007,0.007,0.005,0.002,0.003,0.002,0.003,0.002,0.002,0.003
181.1,0.013,0.003,0.003,0.002,0.003,0.419,1.022,0.698,0.454,0.257,0.152,0.099,0.069,0.037,0.022,0.019,0.012,0.012,0.005,0.002,0.003,0.002,0.002,0.003,0.001,0.002,0.001
187.7,0.016,0.008,0.004,0.004,0.002,0.446,1.027,0.719,0.445,0.278,0.187,0.102,0.069,0.048,0.025,0.018,0.013,0.007,0.005,0.004,0.002,0.001,0.002,0.002,0.002,0.002,0.001
194.6,0.019,0.011,0.006,0.003,0.002,0.488,1.046,0.788,0.490,0.298,0.174,0.112,0.080,0.045,0.031,0.025,0.012,0.007,0.007,0.003,0.004,0.004,0.004,0.002,0.002,0.002,0.001
201.7,0.016,0.010,0.003,0.005,0.001,0.491,1.129,0.785,0.510,0.318,0.185,0.127,0.074,0.046,0.028,0.017,0.014,0.010,0.006,0.007,0.003,0.002,0.004,0.004,0.001,0.003,0.002
209.1,0.017,0.010,0.005,0.004,0.002,0.505,1.116,0.805,0.521,0.308,0.187,0.139,0.080,0.044,0.031,0.020,0.020,0.008,0.004,0.005,0.004,0.003,0.002,0.003,0.002,0.002,0.002
216.7,0.014,0.007,0.007,0.005,0.002,0.518,1.158,0.859,0.533,0.354,0.189,0.136,0.077,0.043,0.029,0.027,0.014,0.007,0.007,0.005,0.006,0.005,0.001,0.003,0.002,0.004,0.003
224.7,0.015,0.011,0.007,0.005,0.003,0.557,1.198,0.855,0.503,0.330,0.218,0.127,0.085,0.047,0.032,0.023,0.014,0.007,0.009,0.008,0.005,0.002,0.003,0.004,0.002,0.001,0.002
232.9,0.020,0.009,0.007,0.003,0.003,0.565,1.248,0.897,0.574,0.355,0.217,0.140,0.075,0.057,0.033,0.021,0.014,0.014,0.005,0.007,0.009,0.003,0.003,0.002,0.002,0.002,0.002
241.4,0.016,0.013,0.007,0.004,0.003,0.564,1.321,0.894,0.540,0.348,0.219,0.136,0.076,0.046,0.034,0.022,0.016,0.008,0.008,0.004,0.005,0.007,0.002,0.005,0.002,0.002,0.004
250.3,0.018,0.010,0.007,0.003,0.001,0.595,1.324,0.911,0.560,0.357,0.220,0.136,0.081,0.069,0.035,0.021,0.010,0.009,0.008,0.006,0.005,0.003,0.006,0.003,0.003,0.004,0.003
259.5,0.021,0.009,0.005,0.003,0.001,0.622,1.414,0.946,0.590,0.363,0.231,0.135,0.099,0.053,0.042,0.022,0.010,0.012,0.009,0.004,0.003,0.003,0.004,0.000,0.001,0.002,0.002
269.0,0.021,0.005,0.006,0.003,0.001,0.599,1.280,0.961,0.567,0.433,0.230,0.162,0.080,0.046,0.028,0.032,0.012,0.011,0.001,0.005,0.003,0.002,0.003,0.003,0.002,0.004,0.000
278.8,0.014,0.014,0.004,0.006,0.005,0.613,1.294,0.974,0.616,0.352,0.224,0.161,0.085,0.057,0.035,0.021,0.020,0.018,0.001,0.006,0.009,0.001,0.002,0.002,0.003,0.002,0.000
289.0,0.025,0.004,0.007,0.004,0.001,0.539,1.287,0.926,0.592,0.368,0.251,0.146,0.084,0.071,0.034,0.026,0.020,0.013,0.009,0.008,0.001,0.004,0.001,0.000,0.006,0.002,0.002
299.6,0.013,0.012,0.003,0.001,0.001,0.542,1.234,0.941,0.554,0.382,0.249,0.169,0.086,0.056,0.039,0.027,0.019,0.009,0.018,0.001,0.005,0.007,0.001,0.001,0.000,0.003,0.000
310.6,0.013,0.009,0.008,0.002,0.002,0.525,1.273,0.968,0.608,0.380,0.242,0.128,0.082,0.052,0.034,0.016,0.015,0.008,0.009,0.006,0.003,0.000,0.003,0.003,0.001,0.002,0.001
322.0,0.010,0.010,0.003,0.000,0.002,0.555,1.151,0.826,0.615,0.407,0.254,0.186,0.097,0.067,0.051,0.025,0.009,0.008,0.007,0.003,0.005,0.007,0.000,0.003,0.001,0.002,0.003
333.8,0.015,0.006,0.008,0.002,0.002,0.564,1.190,0.919,0.558,0.309,0.264,0.137,0.077,0.042,0.035,0.027,0.011,0.006,0.008,0.004,0.002,0.002,0.000,0.002,0.002,0.000,0.000
346.0,0.015,0.004,0.002,0.000,0.000,0.454,1.157,0.889,0.519,0.331,0.236,0.149,0.091,0.041,0.024,0.016,0.009,0.009,0.009,0.010,0.002,0.002,0.000,0.000,0.000,0.000,0.002
358.7,0.011,0.005,0.000,0.002,0.000,0.444,1.074,0.921,0.550,0.293,0.172,0.137,0.074,0.058,0.022,0.016,0.011,0.010,0.002,0.004,0.002,0.002,0.002,0.002,0.000,0.002,0.000
371.8,0.002,0.008,0.006,0.000,0.000,0.396,0.946,0.828,0.537,0.345,0.173,0.098,0.079,0.035,0.022,0.025,0.020,0.014,0.008,0.003,0.002,0.003,0.003,0.000,0.000,0.000,0.003
385.4,0.006,0.000,0.000,0.003,0.000,0.365,0.882,0.741,0.426,0.226,0.205,0.136,0.078,0.027,0.036,0.022,0.019,0.009,0.013,0.003,0.000,0.000,0.000,0.000,0.000,0.003,0.000
399.5,0.004,0.004,0.000,0.004,0.000,0.331,0.839,0.695,0.515,0.314,0.154,0.115,0.079,0.017,0.017,0.007,0.007,0.014,0.004,0.000,0.000,0.000,0.004,0.000,0.000,0.004,0.004
414.2,0.004,0.004,0.000,0.000,0.000,0.278,0.888,0.664,0.433,0.273,0.149,0.077,0.069,0.046,0.028,0.025,0.008,0.000,0.000,0.008,0.000,0.004,0.000,0.000,0.000,0.000,0.000
429.4,0.009,0.000,0.000,0.000,0.000,0.227,0.758,0.681,0.411,0.262,0.188,0.138,0.049,0.054,0.023,0.004,0.014,0.000,0.009,0.000,0.005,0.005,0.000,0.000,0.000,0.000,0.000
445.1,0.000,0.000,0.000,0.000,0.000,0.289,0.943,0.567,0.383,0.200,0.139,0.109,0.036,0.067,0.010,0.010,0.010,0.010,0.005,0.000,0.005,0.000,0.000,0.000,0.000,0.000,0.000
461.4,0.006,0.000,0.000,0.000,0.000,0.312,0.831,0.510,0.330,0.267,0.151,0.092,0.052,0.034,0.012,0.017,0.000,0.012,0.012,0.000,0.000,0.006,0.000,0.000,0.000,0.000,0.000
478.3,0.007,0.000,0.000,0.000,0.000,0.232,0.649,0.417,0.325,0.217,0.109,0.056,0.037,0.020,0.026,0.007,0.007,0.007,0.000,0.000,0.000,0.000,0.000,0.000,0.000,0.000,0.000
495.8,0.015,0.000,0.000,0.000,0.000,0.308,0.736,0.396,0.290,0.185,0.122,0.077,0.063,0.022,0.007,0.022,0.007,0.007,0.007,0.000,0.007,0.000,0.000,0.000,0.000,0.000,0.000
514.0,0.000,0.000,0.000,0.000,0.000,0.242,0.672,0.437,0.270,0.210,0.180,0.059,0.017,0.017,0.008,0.017,0.008,0.008,0.000,0.000,0.000,0.000,0.000,0.000,0.000,0.000,0.000
532.8,0.000,0.000,0.000,0.000,0.000,0.216,0.843,0.408,0.276,0.143,0.111,0.029,0.038,0.029,0.000,0.000,0.010,0.000,0.000,0.000,0.000,0.000,0.000,0.000,0.007,0.000,0.000
552.3,0.000,0.000,0.000,0.000,0.000,0.269,0.762,0.444,0.241,0.217,0.076,0.054,0.032,0.032,0.000,0.011,0.011,0.000,0.000,0.000,0.000,0.000,0.000,0.000,0.003,0.000,0.000
572.5,0.000,0.000,0.000,0.000,0.000,0.286,0.600,0.451,0.251,0.067,0.074,0.086,0.012,0.037,0.012,0.000,0.000,0.012,0.000,0.000,0.000,0.000,0.000,0.000,0.000,0.000,0.000
593.5,0.000,0.000,0.000,0.000,0.000,0.000,0.000,0.000,0.000,0.000,0.000,0.000,0.000,0.000,0.000,0.000,0.000,0.000,0.000,0.000,0.000,0.000,0.000,0.000,0.000,0.000,0.000
615.3,0.000,0.000,0.000,0.000,0.000,0.000,0.000,0.000,0.000,0.000,0.000,0.000,0.000,0.000,0.000,0.000,0.000,0.000,0.000,0.000,0.000,0.000,0.000,0.000,0.000,0.000,0.000
637.8,0.000,0.000,0.000,0.000,0.000,0.000,0.000,0.000,0.000,0.000,0.000,0.000,0.000,0.000,0.000,0.000,0.000,0.000,0.000,0.000,0.000,0.000,0.000,0.000,0.000,0.000,0.000
661.2,0.000,0.000,0.000,0.000,0.000,0.000,0.000,0.000,0.000,0.000,0.000,0.000,0.000,0.000,0.000,0.000,0.000,0.000,0.000,0.000,0.000,0.000,0.000,0.000,0.000,0.000,0.000
685.4,0.000,0.000,0.000,0.000,0.000,0.000,0.000,0.000,0.000,0.000,0.000,0.000,0.000,0.000,0.000,0.000,0.000,0.000,0.000,0.000,0.000,0.000,0.000,0.000,0.000,0.000,0.000
710.5,0.000,0.000,0.000,0.000,0.000,0.000,0.000,0.000,0.000,0.000,0.000,0.000,0.000,0.000,0.000,0.000,0.000,0.000,0.000,0.000,0.000,0.000,0.000,0.000,0.000,0.000,0.000
736.5,0.000,0.000,0.000,0.000,0.000,0.000,0.000,0.000,0.000,0.000,0.000,0.000,0.000,0.000,0.000,0.000,0.000,0.000,0.000,0.000,0.000,0.000,0.000,0.000,0.000,0.000,0.000
Scan Time (s),155,155,155,155,155,155,155,155,155,155,155,155,155,155,155,155,155,155,155,155,155,155,155,155,155,155,155
Retrace Time (s),4,4,4,4,4,4,4,4,4,4,4,4,4,4,4,4,4,4,4,4,4,4,4,4,4,4,4
Scan Resolution (Hz),50,50,50,50,50,50,50,50,50,50,50,50,50,50,50,50,50,50,50,50,50,50,50,50,50,50,50
Scans Per Sample,1,1,1,1,1,1,1,1,1,1,1,1,1,1,1,1,1,1,1,1,1,1,1,1,1,1,1
Sheath Flow (L/min),3.000,3.000,3.000,3.000,3.000,3.000,3.000,3.000,3.000,3.000,3.000,3.000,3.000,3.000,3.000,3.000,3.000,3.000,3.000,3.000,3.000,3.000,3.000,3.000,3.000,3.000,3.000
Aerosol Flow (L/min),0.880,0.880,0.880,0.880,0.880,0.880,0.880,0.881,0.881,0.881,0.881,0.881,0.881,0.881,0.881,0.880,0.881,0.881,0.881,0.881,0.881,0.882,0.881,0.882,0.881,0.881,0.882
Bypass Flow (L/min),0.00,0.00,0.00,0.00,0.00,0.00,0.00,0.00,0.00,0.00,0.00,0.00,0.00,0.00,0.00,0.00,0.00,0.00,0.00,0.00,0.00,0.00,0.00,0.00,0.00,0.00,0.00
Low Voltage (V),10.30,10.30,10.30,10.29,10.29,10.29,10.29,10.29,10.29,10.29,10.29,10.28,10.28,10.28,10.28,10.28,10.28,10.27,10.27,10.28,10.27,10.27,10.27,10.27,10.27,10.28,10.27
High Voltage (V),9756.82,9758.54,9760.25,9757.90,9759.61,9759.61,9761.32,9761.32,9760.96,9760.96,9760.96,9762.67,9762.67,9762.67,9762.67,9762.67,9764.74,9762.02,9762.02,9764.38,9762.02,9763.72,9763.37,9763.72,9763.37,9766.09,9763.72
Lower Size (nm), 15.4, 15.4, 15.4, 15.4, 15.4, 15.4, 15.4, 15.4, 15.4, 15.4, 15.4, 15.4, 15.4, 15.4, 15.4, 15.4, 15.4, 15.4, 15.4, 15.4, 15.4, 15.4, 15.4, 15.4, 15.4, 15.4, 15.4
Upper Size (nm),749.9,749.9,749.9,749.9,749.9,749.9,749.9,749.9,749.9,749.9,749.9,749.9,749.9,749.9,749.9,749.9,749.9,749.9,749.9,749.9,749.9,749.9,749.9,749.9,749.9,749.9,749.9
Density (g/cm³),1.8,1.8,1.8,1.8,1.8,1.8,1.8,1.8,1.8,1.8,1.8,1.8,1.8,1.8,1.8,1.8,1.8,1.8,1.8,1.8,1.8,1.8,1.8,1.8,1.8,1.8,1.8
td + 0.5 (s),1.54,1.54,1.54,1.54,1.54,1.54,1.54,1.54,1.54,1.54,1.54,1.54,1.54,1.54,1.54,1.54,1.54,1.54,1.54,1.54,1.54,1.54,1.54,1.54,1.54,1.54,1.54
tf (s),6.40,6.40,6.40,6.40,6.40,6.40,6.40,6.39,6.39,6.39,6.39,6.39,6.39,6.39,6.39,6.40,6.39,6.39,6.39,6.39,6.39,6.39,6.39,6.39,6.39,6.39,6.39
D50 (nm),563.6,563.7,563.7,563.6,563.7,563.7,563.7,563.4,563.4,563.4,563.4,563.4,563.4,563.4,563.4,563.8,563.4,563.3,563.3,563.4,563.3,563.0,563.4,563.0,563.4,563.5,563.0
Neutralizer Status,ON,ON,ON,ON,ON,ON,ON,ON,ON,ON,ON,ON,ON,ON,ON,ON,ON,ON,ON,ON,ON,ON,ON,ON,ON,ON,ON
Median (nm),222.823,221.881,225.511,217.436,218.125,252.014,244.135,243.823,245.214,246.613,248.919,248.206,240.223,245.175,234.214,237.199,236.975,254.567,244.736,222.503,229.418,237.276,210.383,209.181,225.253,219.764,220.217
Mean (nm),232.146,222.052,220.505,220.926,208.476,270.093,262.148,258.799,260.316,260.754,262.024,260.987,253.998,260.259,243.530,251.478,254.677,266.234,254.382,224.328,239.179,244.209,215.503,210.244,254.603,230.358,226.461
Geo. Mean (nm),208.155,202.728,202.782,202.774,192.725,243.174,226.915,223.982,225.577,226.202,227.188,226.756,220.321,223.882,211.861,217.883,219.675,229.418,222.225,199.318,210.450,216.628,194.426,193.830,220.925,211.804,206.541
Mode (nm),289.026,278.813,333.762,278.813,278.813,259.455,259.455,278.813,278.813,268.960,333.762,321.968,259.455,289.026,321.968,268.960,371.803,278.813,299.614,345.989,278.813,241.442,250.287,241.442,532.798,216.739,399.542
Geo. Std. Dev.,1.634,1.579,1.558,1.558,1.535,1.611,1.782,1.788,1.784,1.781,1.784,1.777,1.783,1.808,1.774,1.786,1.801,1.810,1.765,1.700,1.722,1.699,1.635,1.554,1.728,1.550,1.579
Total Conc. (µg/m³),5.515464e-001,2.683946e-001,1.507922e-001,9.220717e-002,5.244514e-002,1.879418e+001,4.858469e+001,3.526616e+001,2.211474e+001,1.373723e+001,8.653591e+000,5.475600e+000,3.254875e+000,2.106468e+000,1.251085e+000,8.754089e-001,5.676762e-001,3.963141e-001,2.784532e-001,1.767657e-001,1.416758e-001,1.136832e-001,7.652620e-002,6.975420e-002,6.602294e-002,6.800448e-002,5.637081e-002
Title,,,,,,,,,,,,,,,,,,,,,,,,,,,
User Name,VanceLab,VanceLab,VanceLab,VanceLab,VanceLab,VanceLab,VanceLab,VanceLab,VanceLab,VanceLab,VanceLab,VanceLab,VanceLab,VanceLab,VanceLab,VanceLab,VanceLab,VanceLab,VanceLab,VanceLab,VanceLab,VanceLab,VanceLab,VanceLab,VanceLab,VanceLab,VanceLab
Sample ID,,,,,,,,,,,,,,,,,,,,,,,,,,,
Instrument ID,,,,,,,,,,,,,,,,,,,,,,,,,,,
Lab ID,,,,,,,,,,,,,,,,,,,,,,,,,,,
Leak Test and Leakage Rate,,,,,,,,,,,,,,,,,,,,,,,,,,,
Instrument Errors,Normal Scan,Normal Scan,Normal Scan,Normal Scan,Normal Scan,Normal Scan,Normal Scan,Normal Scan,Normal Scan,Normal Scan,Normal Scan,Normal Scan,Normal Scan,Normal Scan,Normal Scan,Normal Scan,Normal Scan,Normal Scan,Normal Scan,Normal Scan,Normal Scan,Normal Scan,Normal Scan,Normal Scan,Normal Scan,Normal Scan,Normal Scan
Comment,,,,,,,,,,,,,,,,,,,,,,,,,,,
