Sample File,C:\Users\VanceLab\Desktop\VL_CU_SMPS_APS_CADR_20220707\VL_CU_SMPS_CADR_Oransi_SCAN2.S82,
AIM Version,10.3.1.0
Classifier Model,3082       ,Classifier S/N,3082021905001   ,Classifier Firmware Version,2.60
Neutralizer Model,3088,Neutralizer S/N,3088011906004
Impactor (cm),0.071,Impactor S/N,7100764
DMA Model,3081,DMA S/N,3081A1903007
DMA Inner Radius (cm),0.937
DMA Outer Radius (cm),1.961
DMA Characteristic Length (cm),44.369
HV Polarity,NEG,
Detector Model,3750,Detector S/N,3750190603,Nano Enhancer , None
Detector Sample Flow (L/min),1.00,Detector Inlet Flow (L/min),1.00
Reference Gas Viscosity (Pa*s),1.832450e-005
Reference Mean Free Path (m),6.730000e-008
Reference Gas Temperature (K),296.15
Reference Gas Pressure (kPa),101.30
Sutherland Constant (K),110.40
Tube Length (cm),25.40
Tube Diameter (cm),0.48
Channels/Decade,64
Multiple Charge Correction,TRUE
Nanoparticle Agglomerate Mobility Analysis,FALSE
Diffusion Correction,TRUE
Units,Concentration (DW)
Weight,Mass
Sample #,1,2,3,4,5,6,7,8,9,10,11,12,13,14,15,16,17,18,19,20,21,22,23,24,25,26
Date,7/7/2022,7/7/2022,7/7/2022,7/7/2022,7/7/2022,7/7/2022,7/7/2022,7/7/2022,7/7/2022,7/7/2022,7/7/2022,7/7/2022,7/7/2022,7/7/2022,7/7/2022,7/7/2022,7/7/2022,7/7/2022,7/7/2022,7/7/2022,7/7/2022,7/7/2022,7/7/2022,7/7/2022,7/7/2022,7/7/2022
Start Time,12:30:00,12:33:00,12:36:00,12:39:00,12:42:00,12:45:00,12:48:00,12:51:00,12:54:00,12:57:00,13:00:00,13:03:00,13:06:00,13:09:00,13:12:00,13:15:00,13:18:00,13:21:00,13:24:00,13:27:00,13:30:00,13:33:00,13:36:00,13:39:00,13:42:00,13:45:00
Sample Temp (C),22.6,22.7,22.7,22.7,22.8,22.8,22.9,23.0,23.0,23.0,23.0,23.1,23.1,23.2,23.2,23.2,23.2,23.3,23.3,23.3,23.3,23.3,23.4,23.4,23.4,23.4
Sample Pressure (kPa),81.5,81.5,81.5,81.5,81.5,81.5,81.5,81.5,81.5,81.5,81.5,81.5,81.4,81.4,81.4,81.4,81.5,81.4,81.4,81.4,81.5,81.4,81.4,81.4,81.4,81.4
Relative Humidity (%),58.5,57.3,56.5,56.0,55.5,55.1,54.8,54.6,54.4,54.2,54.1,53.9,53.8,53.7,53.6,53.5,53.4,53.3,53.2,53.1,53.0,52.9,52.8,52.8,52.7,52.6
Mean Free Path (m),8.35065e-008,8.35424e-008,8.35424e-008,8.35424e-008,8.35784e-008,8.35784e-008,8.36143e-008,8.36502e-008,8.36502e-008,8.36502e-008,8.36502e-008,8.36861e-008,8.37889e-008,8.38249e-008,8.38249e-008,8.38249e-008,8.37220e-008,8.38608e-008,8.38608e-008,8.38608e-008,8.37579e-008,8.38608e-008,8.38968e-008,8.38968e-008,8.38968e-008,8.38968e-008
Gas Viscosity (Pa*s),1.83054e-005,1.83102e-005,1.83102e-005,1.83102e-005,1.83149e-005,1.83149e-005,1.83197e-005,1.83245e-005,1.83245e-005,1.83245e-005,1.83245e-005,1.83293e-005,1.83293e-005,1.83340e-005,1.83340e-005,1.83340e-005,1.83340e-005,1.83388e-005,1.83388e-005,1.83388e-005,1.83388e-005,1.83388e-005,1.83436e-005,1.83436e-005,1.83436e-005,1.83436e-005
Diameter Midpoint (nm)
 15.7,0.000,0.000,0.000,0.000,0.000,0.000,0.003,0.003,0.001,0.001,0.000,0.000,0.000,0.000,0.000,0.000,0.000,0.000,0.000,0.000,0.000,0.000,0.000,0.000,0.000,0.000
 16.3,0.000,0.000,0.000,0.000,0.000,0.000,0.003,0.003,0.002,0.001,0.000,0.000,0.000,0.000,0.000,0.000,0.000,0.000,0.000,0.000,0.000,0.000,0.000,0.000,0.000,0.000
 16.8,0.000,0.000,0.000,0.000,0.000,0.000,0.004,0.004,0.002,0.001,0.000,0.000,0.000,0.000,0.000,0.000,0.000,0.000,0.000,0.000,0.000,0.000,0.000,0.000,0.000,0.000
 17.5,0.000,0.000,0.000,0.000,0.000,0.000,0.004,0.004,0.002,0.001,0.000,0.000,0.000,0.000,0.000,0.000,0.000,0.000,0.000,0.000,0.000,0.000,0.000,0.000,0.000,0.000
 18.1,0.000,0.000,0.000,0.000,0.000,0.000,0.005,0.004,0.002,0.001,0.000,0.000,0.000,0.000,0.000,0.000,0.000,0.000,0.000,0.000,0.000,0.000,0.000,0.000,0.000,0.000
 18.8,0.000,0.000,0.000,0.000,0.000,0.000,0.005,0.005,0.002,0.001,0.000,0.000,0.000,0.000,0.000,0.000,0.000,0.000,0.000,0.000,0.000,0.000,0.000,0.000,0.000,0.000
 19.5,0.000,0.000,0.000,0.000,0.000,0.000,0.005,0.005,0.002,0.001,0.001,0.000,0.000,0.000,0.000,0.000,0.000,0.000,0.000,0.000,0.000,0.000,0.000,0.000,0.000,0.000
 20.2,0.000,0.000,0.000,0.000,0.000,0.000,0.006,0.006,0.003,0.001,0.001,0.000,0.000,0.000,0.000,0.000,0.000,0.000,0.000,0.000,0.000,0.000,0.000,0.000,0.000,0.000
 20.9,0.000,0.000,0.000,0.000,0.000,0.000,0.007,0.006,0.003,0.001,0.001,0.000,0.000,0.000,0.000,0.000,0.000,0.000,0.000,0.000,0.000,0.000,0.000,0.000,0.000,0.000
 21.7,0.000,0.000,0.000,0.000,0.000,0.000,0.007,0.006,0.003,0.001,0.001,0.000,0.000,0.000,0.000,0.000,0.000,0.000,0.000,0.000,0.000,0.000,0.000,0.000,0.000,0.000
 22.5,0.000,0.000,0.000,0.000,0.000,0.000,0.008,0.007,0.003,0.002,0.001,0.000,0.000,0.000,0.000,0.000,0.000,0.000,0.000,0.000,0.000,0.000,0.000,0.000,0.000,0.000
 23.3,0.000,0.000,0.000,0.000,0.000,0.000,0.009,0.008,0.003,0.002,0.001,0.000,0.000,0.000,0.000,0.000,0.000,0.000,0.000,0.000,0.000,0.000,0.000,0.000,0.000,0.000
 24.1,0.000,0.000,0.000,0.000,0.000,0.000,0.009,0.009,0.004,0.002,0.001,0.000,0.000,0.000,0.000,0.000,0.000,0.000,0.000,0.000,0.000,0.000,0.000,0.000,0.000,0.000
 25.0,0.000,0.000,0.000,0.000,0.000,0.000,0.011,0.009,0.004,0.002,0.001,0.000,0.000,0.000,0.000,0.000,0.000,0.000,0.000,0.000,0.000,0.000,0.000,0.000,0.000,0.000
 25.9,0.000,0.000,0.000,0.000,0.000,0.000,0.011,0.010,0.005,0.002,0.001,0.001,0.000,0.000,0.000,0.000,0.000,0.000,0.000,0.000,0.000,0.000,0.000,0.000,0.000,0.000
 26.9,0.000,0.000,0.000,0.000,0.000,0.000,0.013,0.011,0.005,0.002,0.001,0.001,0.000,0.000,0.000,0.000,0.000,0.000,0.000,0.000,0.000,0.000,0.000,0.000,0.000,0.000
 27.9,0.000,0.000,0.000,0.000,0.000,0.000,0.014,0.011,0.005,0.003,0.001,0.001,0.000,0.000,0.000,0.000,0.000,0.000,0.000,0.000,0.000,0.000,0.000,0.000,0.000,0.000
 28.9,0.000,0.000,0.000,0.000,0.000,0.000,0.015,0.013,0.006,0.003,0.001,0.001,0.000,0.000,0.000,0.000,0.000,0.000,0.000,0.000,0.000,0.000,0.000,0.000,0.000,0.000
 30.0,0.000,0.000,0.000,0.000,0.000,0.000,0.017,0.014,0.007,0.003,0.001,0.001,0.000,0.000,0.000,0.000,0.000,0.000,0.000,0.000,0.000,0.000,0.000,0.000,0.000,0.000
 31.1,0.000,0.000,0.000,0.000,0.000,0.000,0.019,0.015,0.007,0.003,0.002,0.001,0.000,0.000,0.000,0.000,0.000,0.000,0.000,0.000,0.000,0.000,0.000,0.000,0.000,0.000
 32.2,0.000,0.000,0.000,0.000,0.000,0.001,0.020,0.016,0.008,0.004,0.002,0.001,0.000,0.000,0.000,0.000,0.000,0.000,0.000,0.000,0.000,0.000,0.000,0.000,0.000,0.000
 33.4,0.000,0.000,0.000,0.000,0.000,0.001,0.023,0.018,0.008,0.004,0.002,0.001,0.000,0.000,0.000,0.000,0.000,0.000,0.000,0.000,0.000,0.000,0.000,0.000,0.000,0.000
 34.6,0.000,0.000,0.000,0.000,0.000,0.001,0.025,0.019,0.009,0.004,0.002,0.001,0.001,0.000,0.000,0.000,0.000,0.000,0.000,0.000,0.000,0.000,0.000,0.000,0.000,0.000
 35.9,0.000,0.000,0.000,0.000,0.000,0.001,0.027,0.020,0.010,0.005,0.002,0.001,0.001,0.000,0.000,0.000,0.000,0.000,0.000,0.000,0.000,0.000,0.000,0.000,0.000,0.000
 37.2,0.000,0.000,0.000,0.000,0.000,0.001,0.030,0.022,0.011,0.005,0.003,0.001,0.001,0.000,0.000,0.000,0.000,0.000,0.000,0.000,0.000,0.000,0.000,0.000,0.000,0.000
 38.5,0.000,0.000,0.000,0.000,0.000,0.001,0.033,0.024,0.012,0.006,0.003,0.002,0.001,0.000,0.000,0.000,0.000,0.000,0.000,0.000,0.000,0.000,0.000,0.000,0.000,0.000
 40.0,0.000,0.000,0.000,0.000,0.000,0.002,0.036,0.026,0.012,0.006,0.003,0.002,0.001,0.000,0.000,0.000,0.000,0.000,0.000,0.000,0.000,0.000,0.000,0.000,0.000,0.000
 41.4,0.000,0.000,0.000,0.000,0.000,0.003,0.039,0.029,0.014,0.007,0.003,0.002,0.001,0.000,0.000,0.000,0.000,0.000,0.000,0.000,0.000,0.000,0.000,0.000,0.000,0.000
 42.9,0.000,0.000,0.000,0.000,0.000,0.003,0.043,0.031,0.015,0.008,0.004,0.002,0.001,0.000,0.000,0.000,0.000,0.000,0.000,0.000,0.000,0.000,0.000,0.000,0.000,0.000
 44.5,0.000,0.000,0.000,0.000,0.000,0.004,0.045,0.034,0.016,0.008,0.004,0.002,0.001,0.000,0.000,0.000,0.000,0.000,0.000,0.000,0.000,0.000,0.000,0.000,0.000,0.000
 46.1,0.000,0.000,0.000,0.000,0.000,0.004,0.050,0.036,0.017,0.009,0.004,0.002,0.001,0.001,0.000,0.000,0.000,0.000,0.000,0.000,0.000,0.000,0.000,0.000,0.000,0.000
 47.8,0.000,0.000,0.000,0.000,0.000,0.005,0.054,0.039,0.019,0.009,0.005,0.002,0.001,0.000,0.000,0.000,0.000,0.000,0.000,0.000,0.000,0.000,0.000,0.000,0.000,0.000
 49.6,0.000,0.000,0.000,0.000,0.000,0.005,0.060,0.042,0.021,0.010,0.006,0.003,0.001,0.001,0.000,0.000,0.000,0.000,0.000,0.000,0.000,0.000,0.000,0.000,0.000,0.000
 51.4,0.000,0.000,0.000,0.000,0.000,0.006,0.064,0.045,0.022,0.012,0.006,0.003,0.001,0.001,0.000,0.000,0.000,0.000,0.000,0.000,0.000,0.000,0.000,0.000,0.000,0.000
 53.3,0.000,0.000,0.000,0.000,0.000,0.008,0.069,0.048,0.024,0.012,0.007,0.003,0.002,0.001,0.000,0.000,0.000,0.000,0.000,0.000,0.000,0.000,0.000,0.000,0.000,0.000
 55.2,0.000,0.000,0.000,0.000,0.000,0.010,0.075,0.052,0.027,0.013,0.007,0.003,0.002,0.001,0.001,0.000,0.000,0.000,0.000,0.000,0.000,0.000,0.000,0.000,0.000,0.000
 57.3,0.000,0.000,0.000,0.000,0.000,0.010,0.082,0.056,0.028,0.014,0.007,0.003,0.002,0.001,0.000,0.000,0.000,0.000,0.000,0.000,0.000,0.000,0.000,0.000,0.000,0.000
 59.4,0.001,0.000,0.000,0.000,0.000,0.012,0.087,0.060,0.031,0.016,0.008,0.004,0.002,0.001,0.000,0.000,0.000,0.000,0.000,0.000,0.000,0.000,0.000,0.000,0.000,0.000
 61.5,0.001,0.000,0.000,0.000,0.000,0.015,0.096,0.065,0.033,0.017,0.009,0.004,0.002,0.001,0.001,0.000,0.000,0.000,0.000,0.000,0.000,0.000,0.000,0.000,0.000,0.000
 63.8,0.001,0.000,0.000,0.000,0.000,0.018,0.101,0.071,0.035,0.019,0.010,0.004,0.002,0.001,0.001,0.000,0.000,0.000,0.000,0.000,0.000,0.000,0.000,0.000,0.000,0.000
 66.1,0.001,0.000,0.000,0.000,0.000,0.019,0.110,0.076,0.039,0.020,0.010,0.005,0.002,0.001,0.001,0.000,0.000,0.000,0.000,0.000,0.000,0.000,0.000,0.000,0.000,0.000
 68.5,0.001,0.001,0.000,0.000,0.000,0.023,0.120,0.079,0.043,0.021,0.010,0.006,0.003,0.001,0.001,0.000,0.000,0.000,0.000,0.000,0.000,0.000,0.000,0.000,0.000,0.000
 71.0,0.001,0.001,0.000,0.000,0.000,0.026,0.127,0.085,0.044,0.024,0.012,0.005,0.003,0.002,0.001,0.001,0.000,0.000,0.000,0.000,0.000,0.000,0.000,0.000,0.000,0.000
 73.7,0.001,0.001,0.000,0.000,0.000,0.029,0.136,0.092,0.049,0.026,0.012,0.006,0.003,0.001,0.001,0.001,0.000,0.000,0.000,0.000,0.000,0.000,0.000,0.000,0.000,0.000
 76.4,0.001,0.001,0.001,0.000,0.000,0.032,0.147,0.096,0.051,0.026,0.013,0.007,0.003,0.002,0.001,0.000,0.000,0.000,0.000,0.000,0.000,0.000,0.000,0.000,0.000,0.000
 79.1,0.002,0.001,0.000,0.000,0.000,0.036,0.157,0.105,0.055,0.028,0.013,0.008,0.003,0.002,0.001,0.001,0.000,0.000,0.000,0.000,0.000,0.000,0.000,0.000,0.000,0.000
 82.0,0.002,0.001,0.000,0.000,0.000,0.037,0.170,0.109,0.057,0.031,0.016,0.008,0.004,0.002,0.001,0.001,0.000,0.000,0.000,0.000,0.000,0.000,0.000,0.000,0.000,0.000
 85.1,0.002,0.001,0.001,0.000,0.000,0.041,0.187,0.122,0.063,0.032,0.018,0.009,0.004,0.002,0.001,0.001,0.000,0.000,0.000,0.000,0.000,0.000,0.000,0.000,0.000,0.000
 88.2,0.003,0.001,0.001,0.001,0.000,0.046,0.199,0.132,0.066,0.035,0.019,0.010,0.004,0.003,0.001,0.001,0.001,0.000,0.000,0.000,0.000,0.000,0.000,0.000,0.000,0.000
 91.4,0.003,0.001,0.001,0.000,0.000,0.050,0.213,0.136,0.071,0.037,0.019,0.009,0.006,0.003,0.001,0.001,0.001,0.000,0.000,0.000,0.000,0.000,0.000,0.000,0.000,0.000
 94.7,0.004,0.002,0.001,0.000,0.000,0.051,0.225,0.147,0.072,0.040,0.021,0.012,0.005,0.003,0.002,0.001,0.000,0.000,0.000,0.000,0.000,0.000,0.000,0.000,0.000,0.000
 98.2,0.003,0.002,0.001,0.001,0.000,0.058,0.242,0.158,0.076,0.041,0.023,0.013,0.007,0.003,0.001,0.001,0.001,0.000,0.000,0.000,0.000,0.000,0.000,0.000,0.000,0.000
101.8,0.004,0.002,0.001,0.001,0.000,0.062,0.262,0.166,0.084,0.045,0.024,0.013,0.006,0.003,0.001,0.001,0.001,0.001,0.000,0.000,0.000,0.000,0.000,0.000,0.000,0.000
105.5,0.004,0.002,0.002,0.001,0.000,0.068,0.281,0.181,0.090,0.049,0.028,0.015,0.006,0.004,0.002,0.001,0.001,0.000,0.000,0.000,0.000,0.000,0.000,0.000,0.000,0.000
109.4,0.006,0.003,0.001,0.001,0.000,0.069,0.307,0.189,0.097,0.052,0.030,0.014,0.007,0.004,0.001,0.001,0.000,0.001,0.000,0.000,0.000,0.000,0.000,0.000,0.000,0.000
113.4,0.006,0.003,0.001,0.000,0.001,0.072,0.333,0.211,0.103,0.056,0.030,0.014,0.009,0.005,0.003,0.001,0.000,0.001,0.001,0.000,0.000,0.000,0.000,0.000,0.000,0.000
117.6,0.005,0.003,0.002,0.000,0.000,0.083,0.349,0.221,0.103,0.058,0.030,0.017,0.009,0.004,0.002,0.001,0.001,0.001,0.001,0.000,0.000,0.000,0.000,0.000,0.000,0.000
121.9,0.006,0.004,0.002,0.001,0.001,0.095,0.368,0.232,0.119,0.065,0.033,0.016,0.010,0.003,0.002,0.001,0.001,0.000,0.000,0.000,0.000,0.000,0.000,0.000,0.000,0.000
126.3,0.006,0.003,0.001,0.001,0.001,0.103,0.396,0.246,0.129,0.061,0.035,0.018,0.011,0.004,0.002,0.001,0.001,0.001,0.000,0.001,0.001,0.000,0.001,0.000,0.000,0.000
131.0,0.007,0.003,0.002,0.002,0.001,0.118,0.418,0.256,0.134,0.069,0.037,0.022,0.012,0.006,0.002,0.001,0.001,0.000,0.001,0.001,0.000,0.000,0.000,0.001,0.000,0.000
135.8,0.008,0.005,0.001,0.001,0.001,0.124,0.431,0.283,0.138,0.072,0.041,0.022,0.011,0.006,0.003,0.002,0.001,0.001,0.001,0.000,0.001,0.000,0.000,0.001,0.000,0.000
140.7,0.008,0.004,0.003,0.002,0.000,0.142,0.480,0.300,0.156,0.082,0.046,0.022,0.011,0.007,0.003,0.002,0.001,0.002,0.001,0.001,0.001,0.001,0.001,0.000,0.000,0.000
145.9,0.007,0.005,0.003,0.001,0.001,0.159,0.503,0.319,0.168,0.090,0.047,0.020,0.011,0.006,0.004,0.002,0.001,0.001,0.001,0.001,0.000,0.000,0.001,0.000,0.001,0.001
151.2,0.008,0.005,0.003,0.001,0.002,0.170,0.536,0.337,0.185,0.090,0.043,0.024,0.013,0.007,0.003,0.002,0.003,0.000,0.001,0.000,0.001,0.001,0.001,0.001,0.000,0.000
156.8,0.012,0.005,0.003,0.002,0.001,0.194,0.581,0.353,0.178,0.097,0.050,0.025,0.015,0.007,0.003,0.002,0.002,0.001,0.001,0.001,0.001,0.001,0.001,0.001,0.001,0.000
162.5,0.009,0.005,0.002,0.001,0.001,0.229,0.611,0.383,0.179,0.097,0.044,0.030,0.016,0.007,0.005,0.003,0.001,0.000,0.000,0.000,0.000,0.000,0.000,0.000,0.001,0.001
168.5,0.009,0.005,0.002,0.001,0.001,0.253,0.660,0.404,0.204,0.109,0.054,0.027,0.017,0.008,0.004,0.003,0.002,0.000,0.001,0.002,0.000,0.001,0.000,0.001,0.001,0.000
174.7,0.010,0.002,0.003,0.001,0.000,0.263,0.682,0.416,0.219,0.097,0.057,0.032,0.015,0.008,0.003,0.003,0.000,0.001,0.002,0.002,0.000,0.001,0.000,0.001,0.000,0.000
181.1,0.009,0.003,0.003,0.002,0.001,0.280,0.747,0.449,0.236,0.129,0.061,0.029,0.016,0.007,0.007,0.004,0.001,0.001,0.001,0.001,0.001,0.001,0.000,0.001,0.000,0.000
187.7,0.011,0.003,0.001,0.000,0.001,0.298,0.775,0.463,0.249,0.111,0.063,0.028,0.015,0.011,0.004,0.001,0.001,0.001,0.001,0.001,0.001,0.000,0.001,0.000,0.000,0.001
194.6,0.008,0.004,0.003,0.002,0.001,0.319,0.797,0.494,0.253,0.131,0.067,0.034,0.012,0.013,0.005,0.003,0.001,0.001,0.001,0.001,0.000,0.000,0.001,0.000,0.002,0.001
201.7,0.005,0.003,0.001,0.001,0.001,0.335,0.850,0.521,0.252,0.144,0.079,0.034,0.014,0.008,0.006,0.003,0.000,0.001,0.001,0.000,0.002,0.000,0.000,0.000,0.001,0.000
209.1,0.004,0.003,0.002,0.002,0.002,0.357,0.895,0.498,0.264,0.120,0.076,0.035,0.021,0.009,0.005,0.003,0.001,0.001,0.000,0.001,0.000,0.001,0.000,0.001,0.000,0.000
216.7,0.006,0.003,0.003,0.001,0.001,0.398,0.922,0.536,0.265,0.153,0.068,0.036,0.016,0.007,0.006,0.002,0.002,0.002,0.002,0.001,0.000,0.000,0.001,0.002,0.000,0.001
224.7,0.006,0.003,0.003,0.002,0.001,0.385,0.973,0.578,0.304,0.150,0.080,0.052,0.022,0.004,0.008,0.000,0.001,0.003,0.000,0.000,0.000,0.000,0.001,0.001,0.001,0.000
232.9,0.007,0.004,0.001,0.001,0.001,0.410,1.028,0.564,0.293,0.137,0.088,0.039,0.018,0.009,0.006,0.001,0.002,0.001,0.001,0.001,0.000,0.002,0.001,0.000,0.000,0.001
241.4,0.008,0.005,0.002,0.001,0.002,0.437,1.026,0.600,0.289,0.143,0.095,0.039,0.016,0.017,0.005,0.002,0.001,0.001,0.000,0.000,0.001,0.001,0.000,0.000,0.000,0.000
250.3,0.005,0.003,0.004,0.001,0.001,0.439,1.024,0.581,0.310,0.152,0.082,0.037,0.018,0.012,0.005,0.006,0.002,0.001,0.000,0.000,0.001,0.001,0.000,0.000,0.000,0.000
259.5,0.003,0.001,0.002,0.000,0.001,0.440,1.110,0.608,0.327,0.164,0.089,0.045,0.034,0.017,0.008,0.000,0.002,0.003,0.000,0.001,0.003,0.000,0.001,0.001,0.000,0.000
269.0,0.003,0.002,0.006,0.000,0.000,0.422,1.152,0.632,0.326,0.176,0.079,0.037,0.024,0.014,0.005,0.008,0.006,0.003,0.002,0.000,0.000,0.001,0.000,0.000,0.000,0.000
278.8,0.005,0.004,0.000,0.000,0.000,0.458,1.146,0.608,0.364,0.218,0.081,0.050,0.023,0.009,0.004,0.006,0.002,0.001,0.001,0.000,0.000,0.000,0.000,0.000,0.001,0.001
289.0,0.005,0.001,0.000,0.000,0.001,0.520,1.134,0.652,0.320,0.161,0.087,0.035,0.026,0.018,0.005,0.001,0.002,0.001,0.001,0.000,0.000,0.000,0.001,0.000,0.001,0.000
299.6,0.004,0.001,0.000,0.001,0.000,0.435,1.111,0.664,0.312,0.151,0.091,0.044,0.034,0.009,0.004,0.006,0.000,0.000,0.000,0.000,0.001,0.001,0.000,0.000,0.000,0.000
310.6,0.003,0.003,0.003,0.003,0.000,0.436,1.128,0.635,0.313,0.178,0.083,0.047,0.024,0.008,0.005,0.003,0.002,0.000,0.002,0.000,0.000,0.000,0.000,0.000,0.000,0.000
322.0,0.005,0.002,0.000,0.000,0.000,0.501,1.136,0.599,0.320,0.202,0.112,0.040,0.054,0.007,0.002,0.000,0.000,0.000,0.000,0.000,0.002,0.000,0.000,0.000,0.000,0.000
333.8,0.006,0.002,0.000,0.000,0.000,0.433,1.104,0.694,0.364,0.178,0.061,0.054,0.011,0.021,0.006,0.010,0.000,0.000,0.000,0.002,0.000,0.000,0.000,0.000,0.000,0.000
346.0,0.002,0.000,0.000,0.000,0.000,0.453,1.030,0.603,0.314,0.204,0.082,0.050,0.008,0.011,0.013,0.007,0.001,0.004,0.002,0.000,0.000,0.000,0.000,0.000,0.002,0.000
358.7,0.007,0.000,0.000,0.000,0.000,0.431,1.012,0.534,0.277,0.165,0.074,0.053,0.019,0.002,0.005,0.005,0.002,0.000,0.000,0.000,0.002,0.000,0.000,0.000,0.000,0.000
371.8,0.003,0.003,0.000,0.000,0.000,0.435,0.984,0.559,0.291,0.144,0.097,0.025,0.008,0.021,0.000,0.011,0.003,0.000,0.000,0.000,0.000,0.000,0.000,0.000,0.000,0.000
385.4,0.000,0.000,0.000,0.000,0.000,0.392,0.850,0.657,0.278,0.178,0.054,0.040,0.010,0.008,0.006,0.006,0.000,0.003,0.000,0.000,0.003,0.000,0.000,0.000,0.000,0.000
399.5,0.004,0.000,0.000,0.000,0.004,0.312,0.869,0.576,0.282,0.136,0.050,0.031,0.018,0.004,0.011,0.000,0.004,0.000,0.000,0.000,0.000,0.000,0.000,0.000,0.000,0.000
414.2,0.000,0.000,0.000,0.004,0.000,0.371,0.811,0.522,0.281,0.157,0.050,0.042,0.024,0.014,0.004,0.012,0.000,0.000,0.000,0.000,0.000,0.000,0.000,0.000,0.000,0.000
429.4,0.000,0.005,0.000,0.005,0.000,0.372,0.980,0.688,0.241,0.126,0.091,0.049,0.019,0.007,0.005,0.009,0.000,0.000,0.000,0.000,0.000,0.000,0.000,0.000,0.000,0.000
445.1,0.000,0.005,0.000,0.000,0.000,0.375,0.919,0.514,0.263,0.150,0.073,0.016,0.031,0.005,0.010,0.021,0.005,0.000,0.000,0.000,0.000,0.000,0.000,0.000,0.000,0.000
461.4,0.000,0.000,0.000,0.000,0.000,0.398,0.892,0.556,0.269,0.156,0.067,0.077,0.024,0.006,0.000,0.000,0.000,0.000,0.000,0.000,0.000,0.000,0.000,0.000,0.000,0.000
478.3,0.000,0.000,0.000,0.000,0.000,0.368,0.925,0.558,0.187,0.109,0.064,0.020,0.027,0.007,0.000,0.007,0.000,0.000,0.000,0.000,0.000,0.000,0.000,0.000,0.000,0.000
495.8,0.000,0.000,0.000,0.000,0.000,0.370,0.990,0.535,0.264,0.145,0.038,0.045,0.015,0.000,0.000,0.000,0.000,0.000,0.000,0.008,0.000,0.000,0.000,0.000,0.000,0.000
514.0,0.000,0.000,0.000,0.000,0.000,0.385,0.882,0.428,0.288,0.080,0.034,0.009,0.017,0.009,0.000,0.009,0.000,0.000,0.000,0.000,0.000,0.000,0.000,0.000,0.000,0.000
532.8,0.000,0.000,0.000,0.000,0.000,0.379,0.893,0.494,0.304,0.143,0.049,0.029,0.019,0.019,0.000,0.010,0.000,0.000,0.000,0.000,0.000,0.010,0.000,0.000,0.000,0.000
552.3,0.000,0.000,0.000,0.000,0.000,0.287,1.069,0.440,0.165,0.143,0.077,0.044,0.000,0.000,0.000,0.011,0.000,0.011,0.000,0.000,0.000,0.000,0.000,0.000,0.000,0.000
572.5,0.000,0.000,0.000,0.000,0.000,0.351,1.114,0.470,0.175,0.150,0.038,0.000,0.025,0.000,0.000,0.000,0.000,0.000,0.012,0.000,0.000,0.000,0.000,0.000,0.000,0.000
593.5,0.000,0.000,0.000,0.000,0.000,0.000,0.000,0.000,0.000,0.000,0.000,0.000,0.000,0.000,0.000,0.000,0.000,0.000,0.000,0.000,0.000,0.000,0.000,0.000,0.000,0.000
615.3,0.000,0.000,0.000,0.000,0.000,0.000,0.000,0.000,0.000,0.000,0.000,0.000,0.000,0.000,0.000,0.000,0.000,0.000,0.000,0.000,0.000,0.000,0.000,0.000,0.000,0.000
637.8,0.000,0.000,0.000,0.000,0.000,0.000,0.000,0.000,0.000,0.000,0.000,0.000,0.000,0.000,0.000,0.000,0.000,0.000,0.000,0.000,0.000,0.000,0.000,0.000,0.000,0.000
661.2,0.000,0.000,0.000,0.000,0.000,0.000,0.000,0.000,0.000,0.000,0.000,0.000,0.000,0.000,0.000,0.000,0.000,0.000,0.000,0.000,0.000,0.000,0.000,0.000,0.000,0.000
685.4,0.000,0.000,0.000,0.000,0.000,0.000,0.000,0.000,0.000,0.000,0.000,0.000,0.000,0.000,0.000,0.000,0.000,0.000,0.000,0.000,0.000,0.000,0.000,0.000,0.000,0.000
710.5,0.000,0.000,0.000,0.000,0.000,0.000,0.000,0.000,0.000,0.000,0.000,0.000,0.000,0.000,0.000,0.000,0.000,0.000,0.000,0.000,0.000,0.000,0.000,0.000,0.000,0.000
736.5,0.000,0.000,0.000,0.000,0.000,0.000,0.000,0.000,0.000,0.000,0.000,0.000,0.000,0.000,0.000,0.000,0.000,0.000,0.000,0.000,0.000,0.000,0.000,0.000,0.000,0.000
Scan Time (s),155,155,155,155,155,155,155,155,155,155,155,155,155,155,155,155,155,155,155,155,155,155,155,155,155,155
Retrace Time (s),4,4,4,4,4,4,4,4,4,4,4,4,4,4,4,4,4,4,4,4,4,4,4,4,4,4
Scan Resolution (Hz),50,50,50,50,50,50,50,50,50,50,50,50,50,50,50,50,50,50,50,50,50,50,50,50,50,50
Scans Per Sample,1,1,1,1,1,1,1,1,1,1,1,1,1,1,1,1,1,1,1,1,1,1,1,1,1,1
Sheath Flow (L/min),3.000,3.000,3.000,3.000,3.000,3.000,3.000,3.000,3.000,3.000,3.000,3.000,3.000,3.000,3.000,3.000,3.000,3.000,3.000,3.000,3.000,3.000,3.000,3.000,3.000,3.000
Aerosol Flow (L/min),0.872,0.872,0.872,0.873,0.873,0.873,0.873,0.874,0.873,0.873,0.873,0.874,0.874,0.874,0.874,0.874,0.874,0.874,0.874,0.874,0.874,0.874,0.874,0.874,0.874,0.874
Bypass Flow (L/min),0.00,0.00,0.00,0.00,0.00,0.00,0.00,0.00,0.00,0.00,0.00,0.00,0.00,0.00,0.00,0.00,0.00,0.00,0.00,0.00,0.00,0.00,0.00,0.00,0.00,0.00
Low Voltage (V),10.32,10.32,10.32,10.32,10.32,10.32,10.31,10.31,10.31,10.31,10.31,10.31,10.30,10.30,10.30,10.30,10.31,10.30,10.30,10.30,10.31,10.30,10.29,10.29,10.29,10.29
High Voltage (V),9742.46,9744.19,9744.19,9744.19,9745.56,9745.56,9747.28,9749.00,9748.64,9749.00,9749.00,9750.72,9748.02,9749.73,9749.73,9749.73,9752.08,9751.45,9751.45,9751.45,9753.80,9751.45,9753.17,9753.17,9753.17,9753.17
Lower Size (nm), 15.4, 15.4, 15.4, 15.4, 15.4, 15.4, 15.4, 15.4, 15.4, 15.4, 15.4, 15.4, 15.4, 15.4, 15.4, 15.4, 15.4, 15.4, 15.4, 15.4, 15.4, 15.4, 15.4, 15.4, 15.4, 15.4
Upper Size (nm),749.9,749.9,749.9,749.9,749.9,749.9,749.9,749.9,749.9,749.9,749.9,749.9,749.9,749.9,749.9,749.9,749.9,749.9,749.9,749.9,749.9,749.9,749.9,749.9,749.9,749.9
Density (g/cm³),1.8,1.8,1.8,1.8,1.8,1.8,1.8,1.8,1.8,1.8,1.8,1.8,1.8,1.8,1.8,1.8,1.8,1.8,1.8,1.8,1.8,1.8,1.8,1.8,1.8,1.8
td + 0.5 (s),1.54,1.54,1.54,1.54,1.54,1.54,1.54,1.54,1.54,1.54,1.54,1.54,1.54,1.54,1.54,1.54,1.54,1.54,1.54,1.54,1.54,1.54,1.54,1.54,1.54,1.54
tf (s),6.41,6.41,6.41,6.41,6.41,6.41,6.41,6.41,6.41,6.41,6.41,6.41,6.41,6.41,6.41,6.41,6.41,6.41,6.41,6.41,6.41,6.41,6.41,6.41,6.41,6.41
D50 (nm),566.2,566.2,566.2,565.8,565.9,565.9,565.9,565.6,566.0,566.0,566.0,565.6,565.5,565.6,565.6,565.6,565.7,565.6,565.6,565.6,565.7,565.6,565.7,565.7,565.7,565.7
Neutralizer Status,ON,ON,ON,ON,ON,ON,ON,ON,ON,ON,ON,ON,ON,ON,ON,ON,ON,ON,ON,ON,ON,ON,ON,ON,ON,ON
Median (nm),168.810,168.819,170.865,193.880,189.322,286.574,270.587,264.097,260.493,268.257,251.495,258.177,264.997,251.327,229.775,349.732,226.865,249.221,265.874,195.083,239.088,245.897,161.396,170.314,191.141,162.432
Mean (nm),186.201,198.068,178.011,220.947,199.754,302.838,287.643,279.304,275.616,280.738,268.490,272.376,278.067,262.554,244.310,332.726,233.090,287.835,312.019,261.132,236.762,316.290,174.345,169.288,197.568,167.921
Geo. Mean (nm),169.418,176.948,166.119,193.939,178.986,273.290,248.996,239.850,237.274,241.936,231.988,235.640,240.243,229.030,215.432,293.638,205.047,244.611,254.522,221.814,214.246,262.681,162.951,160.981,177.773,157.774
Mode (nm),156.788,162.531,268.960,429.351,399.542,289.026,268.960,333.762,333.762,278.813,321.968,461.384,321.968,371.803,345.989,445.079,268.960,552.316,572.549,495.807,385.423,532.798,289.026,216.739,345.989,278.813
Geo. Std. Dev.,1.557,1.612,1.472,1.682,1.613,1.614,1.793,1.830,1.817,1.813,1.796,1.794,1.796,1.758,1.724,1.749,1.715,1.820,1.946,1.788,1.610,1.898,1.465,1.398,1.609,1.441
Total Conc. (µg/m³),2.630258e-001,1.345641e-001,7.260822e-002,4.828419e-002,2.922490e-002,1.574287e+001,4.274248e+001,2.524584e+001,1.265418e+001,6.750255e+000,3.305687e+000,1.729736e+000,9.163879e-001,4.417848e-001,2.142785e-001,2.039688e-001,6.685301e-002,5.337758e-002,4.011843e-002,2.964602e-002,2.611657e-002,2.547623e-002,1.304685e-002,1.397467e-002,1.481509e-002,1.124724e-002
Title,,,,,,,,,,,,,,,,,,,,,,,,,,
User Name,vancelab,vancelab,vancelab,vancelab,vancelab,vancelab,vancelab,vancelab,vancelab,vancelab,vancelab,vancelab,vancelab,vancelab,vancelab,vancelab,vancelab,vancelab,vancelab,vancelab,vancelab,vancelab,vancelab,vancelab,vancelab,vancelab
Sample ID,,,,,,,,,,,,,,,,,,,,,,,,,,
Instrument ID,,,,,,,,,,,,,,,,,,,,,,,,,,
Lab ID,,,,,,,,,,,,,,,,,,,,,,,,,,
Leak Test and Leakage Rate,,,,,,,,,,,,,,,,,,,,,,,,,,
Instrument Errors,Normal Scan,Normal Scan,Normal Scan,Normal Scan,Normal Scan,Normal Scan,Normal Scan,Normal Scan,Normal Scan,Normal Scan,Normal Scan,Normal Scan,Normal Scan,Normal Scan,Normal Scan,Normal Scan,Normal Scan,Normal Scan,Normal Scan,Normal Scan,Normal Scan,Normal Scan,Normal Scan,Normal Scan,Normal Scan,Normal Scan
Comment,,,,,,,,,,,,,,,,,,,,,,,,,,
