Sample File,C:\Users\VanceLab\Desktop\VL_CU_SMPS_APS_CADR_20220705\VL_CU_SMPS_CADR_20220705_SCAN3.S82,
AIM Version,10.3.1.0
Classifier Model,3082       ,Classifier S/N,3082021905001   ,Classifier Firmware Version,2.60
Neutralizer Model,3088,Neutralizer S/N,3088011906004
Impactor (cm),0.071,Impactor S/N,7100764
DMA Model,3081,DMA S/N,3081A1903007
DMA Inner Radius (cm),0.937
DMA Outer Radius (cm),1.961
DMA Characteristic Length (cm),44.369
HV Polarity,NEG,
Detector Model,3750,Detector S/N,3750190603,Nano Enhancer , None
Detector Sample Flow (L/min),1.00,Detector Inlet Flow (L/min),1.00
Reference Gas Viscosity (Pa*s),1.832450e-005
Reference Mean Free Path (m),6.730000e-008
Reference Gas Temperature (K),296.15
Reference Gas Pressure (kPa),101.30
Sutherland Constant (K),110.40
Tube Length (cm),25.40
Tube Diameter (cm),0.48
Channels/Decade,64
Multiple Charge Correction,TRUE
Nanoparticle Agglomerate Mobility Analysis,FALSE
Diffusion Correction,TRUE
Units,Concentration (DW)
Weight,Mass
Sample #,1,2,3,4,5,6,7,8,9,10,11,12,13,14,15,16,17,18,19,20,21,22,23,24,25,26,27
Date,7/5/2022,7/5/2022,7/5/2022,7/5/2022,7/5/2022,7/5/2022,7/5/2022,7/5/2022,7/5/2022,7/5/2022,7/5/2022,7/5/2022,7/5/2022,7/5/2022,7/5/2022,7/5/2022,7/5/2022,7/5/2022,7/5/2022,7/5/2022,7/5/2022,7/5/2022,7/5/2022,7/5/2022,7/5/2022,7/5/2022,7/5/2022
Start Time,16:15:01,16:18:01,16:21:01,16:24:01,16:27:01,16:30:00,16:33:00,16:36:00,16:39:00,16:42:00,16:45:00,16:48:00,16:51:00,16:54:00,16:57:00,17:00:00,17:03:00,17:06:00,17:09:00,17:12:00,17:15:00,17:18:00,17:21:00,17:24:00,17:27:00,17:30:00,17:33:00
Sample Temp (C),23.3,23.3,23.4,23.4,23.4,23.5,23.5,23.5,23.5,23.5,23.5,23.6,23.6,23.6,23.6,23.6,23.6,23.6,23.6,23.6,23.6,23.6,23.6,23.6,23.6,23.6,23.6
Sample Pressure (kPa),81.3,81.3,81.3,81.3,81.4,81.3,81.3,81.4,81.3,81.3,81.4,81.3,81.3,81.3,81.3,81.3,81.3,81.3,81.3,81.3,81.3,81.3,81.3,81.3,81.3,81.3,81.3
Relative Humidity (%),41.6,41.6,41.6,41.6,41.7,41.7,41.7,41.8,41.8,41.8,41.8,41.8,41.8,41.9,41.9,41.9,42.0,42.0,42.1,42.1,42.1,42.2,42.2,42.3,42.3,42.3,42.4
Mean Free Path (m),8.39640e-008,8.39640e-008,8.40000e-008,8.40000e-008,8.38968e-008,8.40360e-008,8.40360e-008,8.39328e-008,8.40360e-008,8.40360e-008,8.39328e-008,8.40720e-008,8.40720e-008,8.40720e-008,8.40720e-008,8.40720e-008,8.40720e-008,8.40720e-008,8.40720e-008,8.40720e-008,8.40720e-008,8.40720e-008,8.40720e-008,8.40720e-008,8.40720e-008,8.40720e-008,8.40720e-008
Gas Viscosity (Pa*s),1.83388e-005,1.83388e-005,1.83436e-005,1.83436e-005,1.83436e-005,1.83484e-005,1.83484e-005,1.83484e-005,1.83484e-005,1.83484e-005,1.83484e-005,1.83531e-005,1.83531e-005,1.83531e-005,1.83531e-005,1.83531e-005,1.83531e-005,1.83531e-005,1.83531e-005,1.83531e-005,1.83531e-005,1.83531e-005,1.83531e-005,1.83531e-005,1.83531e-005,1.83531e-005,1.83531e-005
Diameter Midpoint (nm)
 15.7,0.000,0.000,0.000,0.000,0.000,0.000,0.002,0.003,0.003,0.002,0.002,0.002,0.002,0.001,0.001,0.001,0.001,0.001,0.001,0.001,0.001,0.001,0.000,0.000,0.000,0.000,0.000
 16.3,0.000,0.000,0.000,0.000,0.000,0.000,0.003,0.004,0.003,0.003,0.002,0.002,0.002,0.001,0.001,0.001,0.001,0.001,0.001,0.001,0.001,0.001,0.000,0.000,0.000,0.000,0.000
 16.8,0.000,0.000,0.000,0.000,0.000,0.000,0.003,0.004,0.003,0.003,0.003,0.002,0.002,0.002,0.001,0.001,0.001,0.001,0.001,0.001,0.001,0.001,0.001,0.001,0.000,0.000,0.000
 17.5,0.000,0.000,0.000,0.000,0.000,0.000,0.003,0.004,0.004,0.003,0.003,0.002,0.002,0.002,0.001,0.001,0.001,0.001,0.001,0.001,0.001,0.001,0.001,0.001,0.001,0.000,0.000
 18.1,0.000,0.000,0.000,0.000,0.000,0.000,0.004,0.005,0.004,0.003,0.003,0.003,0.002,0.002,0.002,0.002,0.001,0.001,0.001,0.001,0.001,0.001,0.001,0.001,0.001,0.001,0.000
 18.8,0.000,0.000,0.000,0.000,0.000,0.000,0.004,0.005,0.005,0.004,0.004,0.003,0.003,0.002,0.002,0.002,0.002,0.001,0.001,0.001,0.001,0.001,0.001,0.001,0.001,0.001,0.001
 19.5,0.000,0.000,0.000,0.000,0.000,0.000,0.005,0.006,0.005,0.004,0.004,0.004,0.003,0.003,0.002,0.002,0.002,0.002,0.001,0.001,0.001,0.001,0.001,0.001,0.001,0.001,0.001
 20.2,0.000,0.000,0.000,0.000,0.000,0.000,0.005,0.006,0.006,0.005,0.004,0.004,0.003,0.003,0.003,0.002,0.002,0.002,0.002,0.002,0.001,0.001,0.001,0.001,0.001,0.001,0.001
 20.9,0.000,0.000,0.000,0.000,0.000,0.000,0.006,0.007,0.006,0.005,0.005,0.004,0.004,0.003,0.003,0.003,0.002,0.002,0.002,0.002,0.002,0.001,0.001,0.001,0.001,0.001,0.001
 21.7,0.000,0.000,0.000,0.000,0.000,0.000,0.007,0.008,0.007,0.006,0.006,0.005,0.004,0.004,0.003,0.003,0.003,0.003,0.002,0.002,0.002,0.002,0.002,0.001,0.001,0.001,0.001
 22.5,0.000,0.000,0.000,0.000,0.000,0.000,0.007,0.009,0.008,0.007,0.006,0.005,0.005,0.004,0.004,0.004,0.003,0.003,0.003,0.002,0.002,0.002,0.002,0.002,0.002,0.001,0.001
 23.3,0.000,0.000,0.000,0.000,0.000,0.000,0.008,0.010,0.009,0.008,0.007,0.006,0.005,0.005,0.004,0.004,0.004,0.003,0.003,0.003,0.003,0.002,0.002,0.002,0.002,0.002,0.002
 24.1,0.000,0.000,0.000,0.000,0.000,0.000,0.009,0.011,0.010,0.009,0.008,0.007,0.006,0.006,0.005,0.005,0.004,0.004,0.003,0.003,0.003,0.003,0.002,0.002,0.002,0.002,0.002
 25.0,0.000,0.000,0.000,0.000,0.000,0.000,0.010,0.012,0.011,0.010,0.009,0.008,0.007,0.006,0.006,0.005,0.005,0.004,0.004,0.004,0.003,0.003,0.003,0.003,0.002,0.002,0.002
 25.9,0.000,0.000,0.000,0.000,0.000,0.000,0.011,0.013,0.012,0.011,0.010,0.009,0.008,0.007,0.006,0.006,0.005,0.005,0.005,0.004,0.004,0.003,0.003,0.003,0.003,0.003,0.002
 26.9,0.000,0.000,0.000,0.000,0.000,0.000,0.012,0.015,0.013,0.012,0.011,0.010,0.009,0.008,0.007,0.007,0.006,0.006,0.005,0.005,0.004,0.004,0.004,0.003,0.003,0.003,0.003
 27.9,0.000,0.000,0.000,0.000,0.000,0.000,0.014,0.016,0.015,0.013,0.012,0.011,0.010,0.009,0.008,0.008,0.007,0.006,0.006,0.005,0.005,0.005,0.004,0.004,0.004,0.003,0.003
 28.9,0.000,0.000,0.000,0.000,0.000,0.000,0.015,0.018,0.016,0.015,0.014,0.012,0.011,0.010,0.009,0.009,0.008,0.007,0.007,0.006,0.006,0.005,0.005,0.005,0.004,0.004,0.004
 30.0,0.000,0.000,0.000,0.000,0.000,0.000,0.017,0.020,0.018,0.017,0.015,0.014,0.013,0.011,0.010,0.010,0.009,0.008,0.007,0.007,0.007,0.006,0.006,0.005,0.005,0.005,0.004
 31.1,0.000,0.000,0.000,0.000,0.000,0.000,0.019,0.022,0.019,0.018,0.017,0.015,0.014,0.013,0.012,0.011,0.010,0.010,0.009,0.008,0.007,0.007,0.006,0.006,0.006,0.005,0.005
 32.2,0.000,0.000,0.000,0.000,0.000,0.000,0.021,0.024,0.022,0.021,0.019,0.017,0.016,0.014,0.013,0.012,0.012,0.011,0.010,0.009,0.009,0.008,0.008,0.007,0.007,0.006,0.006
 33.4,0.000,0.000,0.000,0.000,0.000,0.000,0.023,0.027,0.025,0.023,0.022,0.019,0.018,0.016,0.015,0.014,0.013,0.012,0.012,0.011,0.010,0.009,0.009,0.008,0.008,0.007,0.007
 34.6,0.000,0.000,0.000,0.000,0.000,0.000,0.027,0.029,0.028,0.026,0.024,0.021,0.019,0.018,0.017,0.015,0.015,0.013,0.013,0.012,0.011,0.011,0.010,0.009,0.009,0.008,0.007
 35.9,0.000,0.000,0.000,0.000,0.000,0.000,0.029,0.032,0.031,0.027,0.026,0.024,0.022,0.020,0.019,0.018,0.017,0.016,0.014,0.014,0.013,0.012,0.011,0.010,0.010,0.010,0.009
 37.2,0.000,0.000,0.000,0.000,0.000,0.000,0.033,0.035,0.033,0.031,0.028,0.027,0.025,0.022,0.021,0.020,0.019,0.018,0.017,0.015,0.015,0.014,0.013,0.012,0.012,0.011,0.010
 38.5,0.000,0.000,0.000,0.000,0.000,0.000,0.036,0.040,0.037,0.034,0.032,0.030,0.028,0.025,0.023,0.023,0.021,0.020,0.019,0.017,0.016,0.015,0.014,0.014,0.013,0.012,0.011
 40.0,0.001,0.000,0.000,0.000,0.000,0.000,0.039,0.043,0.040,0.038,0.035,0.032,0.030,0.028,0.026,0.025,0.023,0.022,0.021,0.020,0.018,0.017,0.016,0.015,0.015,0.014,0.013
 41.4,0.001,0.000,0.000,0.000,0.000,0.001,0.044,0.047,0.045,0.040,0.039,0.037,0.034,0.031,0.029,0.028,0.027,0.025,0.023,0.023,0.021,0.019,0.018,0.017,0.016,0.016,0.015
 42.9,0.001,0.000,0.000,0.000,0.000,0.001,0.048,0.051,0.049,0.045,0.043,0.041,0.038,0.035,0.033,0.031,0.030,0.027,0.026,0.024,0.023,0.022,0.020,0.020,0.018,0.017,0.017
 44.5,0.001,0.000,0.000,0.000,0.000,0.002,0.052,0.058,0.055,0.049,0.047,0.044,0.041,0.038,0.037,0.035,0.032,0.030,0.029,0.028,0.026,0.025,0.023,0.022,0.021,0.019,0.018
 46.1,0.001,0.000,0.000,0.000,0.000,0.002,0.058,0.063,0.058,0.056,0.053,0.050,0.046,0.044,0.040,0.040,0.036,0.035,0.032,0.031,0.030,0.028,0.026,0.025,0.024,0.023,0.021
 47.8,0.001,0.000,0.000,0.000,0.000,0.003,0.062,0.068,0.065,0.061,0.057,0.055,0.051,0.048,0.046,0.043,0.040,0.038,0.036,0.034,0.033,0.031,0.029,0.029,0.027,0.026,0.023
 49.6,0.001,0.001,0.000,0.000,0.000,0.004,0.069,0.076,0.071,0.068,0.063,0.060,0.056,0.053,0.051,0.048,0.045,0.043,0.040,0.038,0.036,0.035,0.033,0.032,0.031,0.029,0.027
 51.4,0.001,0.001,0.000,0.000,0.000,0.005,0.076,0.084,0.080,0.074,0.069,0.066,0.061,0.059,0.055,0.053,0.051,0.050,0.045,0.044,0.041,0.040,0.037,0.034,0.035,0.033,0.030
 53.3,0.001,0.001,0.000,0.000,0.000,0.006,0.082,0.090,0.086,0.081,0.077,0.072,0.068,0.065,0.061,0.059,0.056,0.054,0.052,0.050,0.047,0.042,0.042,0.039,0.039,0.036,0.033
 55.2,0.001,0.001,0.000,0.000,0.000,0.008,0.091,0.098,0.095,0.088,0.086,0.079,0.078,0.070,0.069,0.064,0.062,0.059,0.055,0.053,0.051,0.049,0.046,0.043,0.043,0.041,0.038
 57.3,0.002,0.001,0.000,0.000,0.000,0.009,0.101,0.110,0.103,0.098,0.095,0.088,0.084,0.079,0.074,0.072,0.069,0.066,0.061,0.061,0.057,0.054,0.053,0.050,0.048,0.045,0.043
 59.4,0.002,0.001,0.000,0.000,0.000,0.011,0.114,0.119,0.113,0.105,0.102,0.096,0.091,0.086,0.083,0.079,0.076,0.074,0.067,0.064,0.063,0.060,0.060,0.056,0.055,0.053,0.048
 61.5,0.002,0.001,0.000,0.000,0.000,0.014,0.128,0.130,0.124,0.115,0.114,0.106,0.098,0.098,0.091,0.087,0.084,0.080,0.076,0.075,0.070,0.066,0.065,0.061,0.060,0.058,0.053
 63.8,0.002,0.001,0.001,0.000,0.000,0.017,0.141,0.140,0.137,0.129,0.126,0.115,0.110,0.108,0.101,0.098,0.092,0.090,0.084,0.081,0.079,0.075,0.071,0.068,0.067,0.066,0.060
 66.1,0.003,0.001,0.001,0.000,0.000,0.022,0.156,0.154,0.147,0.138,0.131,0.127,0.123,0.112,0.112,0.107,0.101,0.099,0.091,0.090,0.085,0.085,0.079,0.076,0.075,0.071,0.067
 68.5,0.003,0.001,0.001,0.000,0.000,0.025,0.166,0.165,0.162,0.150,0.144,0.138,0.134,0.127,0.119,0.116,0.110,0.109,0.105,0.098,0.096,0.093,0.087,0.086,0.081,0.077,0.075
 71.0,0.002,0.002,0.001,0.000,0.000,0.029,0.183,0.182,0.175,0.162,0.156,0.152,0.146,0.137,0.133,0.127,0.120,0.118,0.111,0.106,0.106,0.100,0.094,0.091,0.089,0.085,0.080
 73.7,0.003,0.002,0.001,0.000,0.000,0.031,0.192,0.192,0.191,0.174,0.168,0.164,0.157,0.144,0.144,0.137,0.131,0.128,0.122,0.116,0.108,0.105,0.102,0.102,0.097,0.093,0.086
 76.4,0.004,0.001,0.001,0.001,0.000,0.034,0.210,0.211,0.203,0.192,0.185,0.178,0.174,0.163,0.159,0.151,0.141,0.141,0.131,0.130,0.122,0.118,0.114,0.111,0.107,0.102,0.097
 79.1,0.004,0.002,0.001,0.000,0.000,0.038,0.229,0.226,0.220,0.210,0.203,0.187,0.186,0.174,0.169,0.163,0.156,0.151,0.147,0.135,0.132,0.132,0.123,0.117,0.117,0.112,0.109
 82.0,0.004,0.002,0.001,0.001,0.000,0.049,0.252,0.245,0.240,0.223,0.224,0.208,0.201,0.196,0.190,0.183,0.171,0.161,0.160,0.150,0.146,0.142,0.139,0.132,0.130,0.122,0.117
 85.1,0.004,0.002,0.001,0.001,0.000,0.056,0.267,0.266,0.257,0.248,0.229,0.231,0.222,0.206,0.204,0.198,0.186,0.179,0.175,0.168,0.159,0.154,0.145,0.145,0.145,0.132,0.129
 88.2,0.005,0.002,0.001,0.001,0.001,0.065,0.287,0.291,0.276,0.274,0.259,0.245,0.235,0.223,0.226,0.211,0.205,0.198,0.195,0.181,0.179,0.165,0.164,0.159,0.158,0.141,0.139
 91.4,0.006,0.003,0.002,0.001,0.000,0.074,0.314,0.313,0.300,0.289,0.280,0.259,0.262,0.246,0.237,0.235,0.223,0.216,0.206,0.197,0.193,0.185,0.179,0.174,0.167,0.160,0.155
 94.7,0.006,0.003,0.001,0.001,0.001,0.078,0.341,0.344,0.329,0.318,0.306,0.288,0.281,0.273,0.255,0.250,0.231,0.230,0.226,0.222,0.207,0.200,0.201,0.190,0.176,0.182,0.164
 98.2,0.007,0.004,0.002,0.001,0.001,0.087,0.375,0.370,0.354,0.340,0.326,0.311,0.312,0.292,0.282,0.275,0.261,0.264,0.240,0.235,0.224,0.216,0.210,0.213,0.204,0.201,0.170
101.8,0.008,0.004,0.001,0.001,0.001,0.090,0.404,0.402,0.378,0.370,0.358,0.344,0.333,0.325,0.303,0.295,0.287,0.275,0.272,0.255,0.247,0.234,0.237,0.225,0.221,0.211,0.183
105.5,0.009,0.004,0.002,0.001,0.001,0.103,0.444,0.414,0.409,0.403,0.389,0.362,0.356,0.342,0.336,0.322,0.298,0.291,0.293,0.275,0.268,0.259,0.252,0.239,0.239,0.227,0.198
109.4,0.008,0.005,0.001,0.001,0.001,0.103,0.473,0.449,0.431,0.430,0.411,0.399,0.389,0.379,0.353,0.341,0.334,0.319,0.312,0.300,0.300,0.284,0.275,0.266,0.258,0.253,0.219
113.4,0.009,0.005,0.002,0.001,0.001,0.117,0.509,0.498,0.469,0.454,0.457,0.441,0.409,0.393,0.382,0.378,0.364,0.359,0.337,0.327,0.326,0.312,0.293,0.283,0.274,0.271,0.242
117.6,0.010,0.005,0.003,0.001,0.001,0.127,0.544,0.528,0.503,0.496,0.475,0.456,0.437,0.439,0.418,0.396,0.383,0.377,0.367,0.364,0.348,0.334,0.318,0.307,0.295,0.294,0.251
121.9,0.011,0.006,0.002,0.001,0.001,0.139,0.581,0.567,0.549,0.529,0.504,0.510,0.484,0.451,0.445,0.429,0.420,0.421,0.396,0.382,0.372,0.353,0.342,0.332,0.330,0.311,0.273
126.3,0.013,0.006,0.003,0.002,0.001,0.152,0.618,0.611,0.579,0.562,0.555,0.534,0.528,0.491,0.489,0.474,0.450,0.450,0.418,0.413,0.392,0.388,0.380,0.388,0.340,0.342,0.288
131.0,0.011,0.006,0.003,0.002,0.001,0.168,0.693,0.662,0.605,0.612,0.599,0.582,0.551,0.544,0.523,0.507,0.487,0.463,0.452,0.441,0.444,0.413,0.395,0.382,0.368,0.388,0.317
135.8,0.013,0.006,0.004,0.002,0.001,0.197,0.704,0.702,0.668,0.661,0.634,0.621,0.602,0.576,0.578,0.542,0.516,0.518,0.490,0.480,0.452,0.450,0.437,0.411,0.414,0.418,0.335
140.7,0.012,0.008,0.002,0.003,0.001,0.212,0.785,0.717,0.747,0.708,0.688,0.666,0.632,0.618,0.591,0.570,0.576,0.561,0.530,0.492,0.504,0.471,0.452,0.451,0.440,0.431,0.360
145.9,0.015,0.007,0.005,0.002,0.001,0.214,0.856,0.816,0.765,0.772,0.737,0.690,0.676,0.650,0.652,0.599,0.617,0.590,0.573,0.544,0.525,0.523,0.507,0.476,0.466,0.463,0.383
151.2,0.017,0.008,0.004,0.001,0.001,0.247,0.876,0.832,0.817,0.799,0.772,0.740,0.718,0.697,0.698,0.680,0.634,0.619,0.601,0.590,0.566,0.558,0.537,0.508,0.490,0.477,0.423
156.8,0.015,0.005,0.005,0.002,0.002,0.250,0.935,0.893,0.907,0.854,0.805,0.793,0.766,0.744,0.727,0.700,0.680,0.655,0.623,0.626,0.608,0.581,0.562,0.567,0.536,0.511,0.445
162.5,0.020,0.009,0.003,0.002,0.002,0.248,0.999,0.979,0.945,0.906,0.863,0.866,0.841,0.813,0.786,0.742,0.737,0.725,0.701,0.675,0.670,0.628,0.643,0.600,0.561,0.535,0.462
168.5,0.020,0.008,0.003,0.002,0.001,0.308,1.051,1.047,0.984,0.959,0.916,0.880,0.882,0.868,0.856,0.809,0.743,0.751,0.749,0.719,0.687,0.681,0.645,0.648,0.605,0.589,0.491
174.7,0.021,0.008,0.005,0.003,0.001,0.321,1.147,1.096,1.043,1.021,0.983,0.936,0.932,0.926,0.916,0.849,0.797,0.798,0.798,0.773,0.734,0.722,0.681,0.692,0.635,0.624,0.521
181.1,0.018,0.012,0.004,0.003,0.001,0.335,1.233,1.164,1.144,1.100,1.064,0.981,0.996,0.961,0.894,0.911,0.903,0.846,0.846,0.819,0.791,0.794,0.706,0.738,0.736,0.664,0.558
187.7,0.020,0.012,0.005,0.003,0.002,0.380,1.309,1.236,1.162,1.120,1.138,1.079,1.051,1.039,0.969,0.977,0.913,0.933,0.887,0.871,0.841,0.784,0.797,0.745,0.730,0.700,0.569
194.6,0.017,0.010,0.003,0.000,0.004,0.412,1.352,1.296,1.237,1.218,1.194,1.139,1.067,1.111,1.046,0.992,0.977,0.954,0.919,0.883,0.860,0.842,0.795,0.758,0.792,0.736,0.575
201.7,0.027,0.009,0.005,0.003,0.001,0.472,1.370,1.341,1.321,1.277,1.231,1.237,1.173,1.147,1.086,1.066,1.064,1.003,0.959,0.959,0.912,0.908,0.850,0.871,0.829,0.768,0.611
209.1,0.024,0.008,0.006,0.003,0.004,0.479,1.469,1.393,1.410,1.339,1.287,1.274,1.262,1.208,1.114,1.080,1.067,1.073,1.007,1.017,0.989,0.932,0.927,0.879,0.943,0.779,0.616
216.7,0.030,0.008,0.005,0.004,0.003,0.520,1.568,1.554,1.401,1.425,1.349,1.361,1.343,1.258,1.281,1.139,1.146,1.077,1.095,1.067,1.044,0.953,0.963,0.933,0.888,0.910,0.661
224.7,0.025,0.008,0.006,0.001,0.002,0.553,1.615,1.600,1.553,1.487,1.444,1.384,1.308,1.316,1.291,1.254,1.194,1.183,1.119,1.141,1.034,1.047,0.964,0.975,0.982,0.891,0.677
232.9,0.023,0.011,0.008,0.006,0.002,0.618,1.727,1.674,1.624,1.568,1.580,1.546,1.432,1.428,1.324,1.299,1.274,1.255,1.172,1.111,1.147,1.027,1.100,1.062,0.992,0.969,0.672
241.4,0.028,0.011,0.003,0.002,0.002,0.645,1.773,1.792,1.708,1.740,1.611,1.566,1.509,1.449,1.404,1.302,1.341,1.263,1.260,1.192,1.183,1.139,1.108,1.084,1.055,1.008,0.702
250.3,0.030,0.015,0.004,0.002,0.003,0.724,1.986,1.853,1.747,1.732,1.574,1.632,1.453,1.508,1.451,1.432,1.384,1.385,1.257,1.234,1.189,1.135,1.119,1.090,1.160,1.059,0.737
259.5,0.024,0.012,0.009,0.006,0.001,0.795,2.037,1.912,1.828,1.760,1.687,1.677,1.562,1.569,1.457,1.492,1.505,1.388,1.332,1.251,1.226,1.192,1.141,1.145,1.147,1.077,0.781
269.0,0.021,0.011,0.006,0.003,0.001,0.812,2.027,1.983,1.974,1.836,1.812,1.738,1.650,1.586,1.591,1.489,1.451,1.457,1.339,1.394,1.271,1.267,1.186,1.171,1.117,1.065,0.751
278.8,0.022,0.018,0.006,0.001,0.002,0.868,2.122,2.064,1.947,1.972,1.843,1.781,1.680,1.677,1.674,1.587,1.559,1.505,1.436,1.347,1.365,1.331,1.227,1.165,1.207,1.128,0.747
289.0,0.034,0.010,0.006,0.004,0.002,0.897,2.133,2.131,2.018,1.966,2.033,1.922,1.842,1.748,1.661,1.594,1.613,1.539,1.372,1.431,1.372,1.226,1.285,1.238,1.209,1.143,0.771
299.6,0.041,0.020,0.011,0.000,0.001,0.964,2.224,2.216,2.095,1.928,1.890,1.853,1.857,1.725,1.783,1.620,1.527,1.576,1.475,1.538,1.378,1.295,1.364,1.283,1.157,1.137,0.788
310.6,0.040,0.012,0.008,0.009,0.003,1.007,2.296,2.224,2.230,2.156,2.035,1.896,1.889,1.716,1.732,1.624,1.575,1.507,1.473,1.503,1.408,1.364,1.283,1.354,1.267,1.151,0.770
322.0,0.030,0.024,0.005,0.001,0.002,1.084,2.506,2.353,2.347,2.105,2.171,2.088,1.934,1.873,1.856,1.691,1.633,1.671,1.664,1.503,1.470,1.404,1.402,1.279,1.310,1.242,0.772
333.8,0.025,0.015,0.004,0.000,0.004,1.198,2.421,2.508,2.305,2.234,2.104,2.053,2.084,1.950,1.776,1.682,1.613,1.626,1.627,1.610,1.565,1.333,1.422,1.231,1.278,1.197,0.780
346.0,0.045,0.007,0.004,0.009,0.002,1.319,2.621,2.556,2.379,2.166,2.177,2.170,2.018,1.864,1.786,1.711,1.666,1.700,1.587,1.509,1.459,1.442,1.422,1.260,1.172,1.198,0.838
358.7,0.022,0.022,0.005,0.002,0.005,1.175,2.632,2.383,2.454,2.369,2.173,2.071,2.037,1.992,1.754,1.731,1.665,1.617,1.509,1.398,1.424,1.367,1.336,1.281,1.212,1.227,0.705
371.8,0.042,0.008,0.008,0.006,0.003,1.193,2.520,2.413,2.502,2.257,2.133,2.000,1.951,1.846,1.590,1.495,1.638,1.514,1.323,1.441,1.323,1.247,1.336,1.351,1.232,1.032,0.649
385.4,0.025,0.013,0.009,0.003,0.003,1.069,2.358,2.248,2.171,2.132,2.000,1.958,1.932,1.952,1.731,1.701,1.593,1.603,1.428,1.458,1.245,1.225,1.166,1.157,1.257,1.045,0.732
399.5,0.028,0.011,0.004,0.007,0.004,1.030,2.253,2.019,2.300,2.195,1.912,1.889,1.687,1.732,1.436,1.635,1.417,1.437,1.292,1.378,1.164,1.259,1.177,0.946,1.063,1.042,0.668
414.2,0.024,0.016,0.012,0.000,0.000,1.084,2.092,2.230,1.824,2.031,1.797,1.659,1.832,1.472,1.494,1.373,1.376,1.282,1.209,1.262,1.197,1.159,1.228,1.079,0.986,0.837,0.602
429.4,0.041,0.005,0.000,0.005,0.005,1.215,2.340,2.390,2.158,2.090,2.099,1.769,1.678,1.523,1.610,1.531,1.376,1.499,1.369,1.381,1.184,1.204,1.069,1.087,0.943,0.914,0.593
445.1,0.005,0.000,0.005,0.000,0.005,1.046,2.479,2.419,2.068,2.057,1.939,1.877,1.616,1.606,1.547,1.417,1.322,1.343,1.348,1.271,1.424,1.079,1.009,1.011,0.915,0.918,0.565
461.4,0.013,0.023,0.000,0.000,0.000,1.072,2.242,2.131,1.999,1.905,1.867,1.682,1.594,1.500,1.188,1.418,1.424,1.230,1.243,1.058,1.006,0.911,1.045,1.102,0.770,0.884,0.503
478.3,0.025,0.013,0.007,0.000,0.000,1.011,2.119,2.128,2.037,1.919,1.730,1.564,1.533,1.490,1.611,1.373,1.379,1.139,1.093,1.125,1.007,1.026,0.877,0.777,0.874,0.671,0.505
495.8,0.015,0.000,0.000,0.007,0.000,1.035,2.124,2.088,1.982,1.773,1.616,1.644,1.731,1.403,1.389,1.359,1.282,1.032,1.000,1.041,0.958,1.013,0.784,0.872,0.889,0.790,0.413
514.0,0.000,0.000,0.000,0.008,0.008,1.022,2.133,1.880,1.768,1.792,1.829,1.665,1.314,1.640,1.287,1.215,1.432,1.079,1.111,0.984,1.047,0.857,0.798,0.787,0.821,0.757,0.393
532.8,0.010,0.000,0.000,0.010,0.000,0.917,2.136,2.007,1.755,1.770,1.567,1.670,1.561,1.351,1.299,1.251,1.093,1.291,1.209,1.025,0.963,0.784,0.682,0.689,0.753,0.929,0.437
552.3,0.000,0.000,0.000,0.022,0.000,1.102,2.090,2.296,1.937,1.756,1.784,1.544,1.394,1.239,1.302,1.080,1.060,0.975,1.243,0.842,0.842,0.774,0.857,0.728,0.603,0.648,0.349
572.5,0.012,0.000,0.000,0.000,0.000,1.018,2.031,1.705,2.036,2.003,1.830,1.631,1.549,1.582,1.509,1.354,1.147,1.162,1.012,0.999,0.808,0.830,0.711,0.922,0.647,0.694,0.347
593.5,0.000,0.000,0.000,0.000,0.000,0.000,0.000,0.000,0.000,0.000,0.000,0.000,0.000,0.000,0.000,0.000,0.000,0.000,0.000,0.000,0.000,0.000,0.000,0.000,0.000,0.000,0.000
615.3,0.000,0.000,0.000,0.000,0.000,0.000,0.000,0.000,0.000,0.000,0.000,0.000,0.000,0.000,0.000,0.000,0.000,0.000,0.000,0.000,0.000,0.000,0.000,0.000,0.000,0.000,0.000
637.8,0.000,0.000,0.000,0.000,0.000,0.000,0.000,0.000,0.000,0.000,0.000,0.000,0.000,0.000,0.000,0.000,0.000,0.000,0.000,0.000,0.000,0.000,0.000,0.000,0.000,0.000,0.000
661.2,0.000,0.000,0.000,0.000,0.000,0.000,0.000,0.000,0.000,0.000,0.000,0.000,0.000,0.000,0.000,0.000,0.000,0.000,0.000,0.000,0.000,0.000,0.000,0.000,0.000,0.000,0.000
685.4,0.000,0.000,0.000,0.000,0.000,0.000,0.000,0.000,0.000,0.000,0.000,0.000,0.000,0.000,0.000,0.000,0.000,0.000,0.000,0.000,0.000,0.000,0.000,0.000,0.000,0.000,0.000
710.5,0.000,0.000,0.000,0.000,0.000,0.000,0.000,0.000,0.000,0.000,0.000,0.000,0.000,0.000,0.000,0.000,0.000,0.000,0.000,0.000,0.000,0.000,0.000,0.000,0.000,0.000,0.000
736.5,0.000,0.000,0.000,0.000,0.000,0.000,0.000,0.000,0.000,0.000,0.000,0.000,0.000,0.000,0.000,0.000,0.000,0.000,0.000,0.000,0.000,0.000,0.000,0.000,0.000,0.000,0.000
Scan Time (s),155,155,155,155,155,155,155,155,155,155,155,155,155,155,155,155,155,155,155,155,155,155,155,155,155,155,155
Retrace Time (s),4,4,4,4,4,4,4,4,4,4,4,4,4,4,4,4,4,4,4,4,4,4,4,4,4,4,4
Scan Resolution (Hz),50,50,50,50,50,50,50,50,50,50,50,50,50,50,50,50,50,50,50,50,50,50,50,50,50,50,50
Scans Per Sample,1,1,1,1,1,1,1,1,1,1,1,1,1,1,1,1,1,1,1,1,1,1,1,1,1,1,1
Sheath Flow (L/min),3.000,3.000,3.000,3.000,3.000,3.000,3.000,3.000,3.000,3.000,3.000,3.000,3.000,3.000,3.000,3.000,3.000,3.000,3.000,3.000,3.000,3.000,3.000,3.000,3.000,3.000,3.000
Aerosol Flow (L/min),0.877,0.877,0.877,0.877,0.877,0.877,0.878,0.877,0.878,0.878,0.877,0.877,0.877,0.878,0.878,0.878,0.878,0.877,0.878,0.878,0.878,0.878,0.878,0.877,0.877,0.878,0.878
Bypass Flow (L/min),0.00,0.00,0.00,0.00,0.00,0.00,0.00,0.00,0.00,0.00,0.00,0.00,0.00,0.00,0.00,0.00,0.00,0.00,0.00,0.00,0.00,0.00,0.00,0.00,0.00,0.00,0.00
Low Voltage (V),10.28,10.28,10.28,10.28,10.29,10.28,10.28,10.29,10.28,10.28,10.29,10.28,10.28,10.28,10.28,10.28,10.28,10.28,10.28,10.28,10.28,10.28,10.28,10.28,10.28,10.28,10.28
High Voltage (V),9748.03,9748.03,9749.75,9749.75,9752.10,9751.46,9751.46,9753.46,9751.46,9751.11,9753.46,9753.17,9753.17,9753.17,9752.82,9752.82,9752.82,9752.82,9753.17,9752.82,9752.82,9752.82,9752.82,9752.82,9753.17,9753.17,9752.82
Lower Size (nm), 15.4, 15.4, 15.4, 15.4, 15.4, 15.4, 15.4, 15.4, 15.4, 15.4, 15.4, 15.4, 15.4, 15.4, 15.4, 15.4, 15.4, 15.4, 15.4, 15.4, 15.4, 15.4, 15.4, 15.4, 15.4, 15.4, 15.4
Upper Size (nm),749.9,749.9,749.9,749.9,749.9,749.9,749.9,749.9,749.9,749.9,749.9,749.9,749.9,749.9,749.9,749.9,749.9,749.9,749.9,749.9,749.9,749.9,749.9,749.9,749.9,749.9,749.9
Density (g/cm³),1.8,1.8,1.8,1.8,1.8,1.8,1.8,1.8,1.8,1.8,1.8,1.8,1.8,1.8,1.8,1.8,1.8,1.8,1.8,1.8,1.8,1.8,1.8,1.8,1.8,1.8,1.8
td + 0.5 (s),1.54,1.54,1.54,1.54,1.54,1.54,1.54,1.54,1.54,1.54,1.54,1.54,1.54,1.54,1.54,1.54,1.54,1.54,1.54,1.54,1.54,1.54,1.54,1.54,1.54,1.54,1.54
tf (s),6.40,6.40,6.40,6.40,6.40,6.40,6.40,6.40,6.40,6.40,6.40,6.40,6.40,6.40,6.40,6.40,6.40,6.40,6.40,6.40,6.40,6.40,6.40,6.40,6.40,6.40,6.40
D50 (nm),564.4,564.4,564.4,564.4,564.6,564.5,564.1,564.6,564.1,564.1,564.6,564.5,564.5,564.2,564.2,564.2,564.2,564.5,564.2,564.2,564.2,564.2,564.2,564.5,564.5,564.2,564.2
Neutralizer Status,ON,ON,ON,ON,ON,ON,ON,ON,ON,ON,ON,ON,ON,ON,ON,ON,ON,ON,ON,ON,ON,ON,ON,ON,ON,ON,ON
Median (nm),258.848,254.749,246.203,312.860,281.404,339.257,303.690,302.756,302.410,301.249,299.309,296.801,296.552,293.845,291.688,290.781,289.719,288.923,288.996,288.362,285.706,283.455,284.440,283.193,280.451,280.869,259.523
Mean (nm),267.564,258.028,251.782,328.831,288.126,341.024,309.659,308.672,307.933,307.812,306.601,304.872,303.605,302.696,301.343,300.479,300.054,298.355,299.073,297.030,295.413,293.931,292.912,293.652,291.233,292.267,273.640
Geo. Mean (nm),238.115,229.711,224.157,284.631,255.700,313.532,274.141,272.670,272.126,272.185,271.151,269.950,268.962,268.316,266.991,266.374,266.413,265.143,265.507,264.410,262.945,261.644,261.255,261.596,259.874,260.236,241.442
Mode (nm),345.989,321.968,414.178,552.316,513.970,345.989,358.664,345.989,371.803,358.664,345.989,345.989,333.762,358.664,321.968,358.664,345.989,345.989,321.968,333.762,333.762,345.989,333.762,310.590,321.968,321.968,345.989
Geo. Std. Dev.,1.678,1.677,1.679,1.791,1.693,1.552,1.713,1.725,1.722,1.718,1.716,1.710,1.707,1.702,1.702,1.700,1.694,1.689,1.692,1.682,1.681,1.680,1.672,1.675,1.668,1.675,1.705
Total Conc. (µg/m³),1.070763e+000,4.820389e-001,2.249864e-001,1.656422e-001,9.345112e-002,3.273724e+001,8.337058e+001,8.092150e+001,7.754882e+001,7.479433e+001,7.155666e+001,6.851053e+001,6.561456e+001,6.307298e+001,6.020200e+001,5.760946e+001,5.586448e+001,5.416343e+001,5.183426e+001,5.028942e+001,4.801788e+001,4.571729e+001,4.438030e+001,4.303636e+001,4.154843e+001,3.959838e+001,2.814219e+001
Title,,,,,,,,,,,,,,,,,,,,,,,,,,,
User Name,vancelab,vancelab,vancelab,vancelab,vancelab,vancelab,vancelab,vancelab,vancelab,vancelab,vancelab,vancelab,vancelab,vancelab,vancelab,vancelab,vancelab,vancelab,vancelab,vancelab,vancelab,vancelab,vancelab,vancelab,vancelab,vancelab,vancelab
Sample ID,,,,,,,,,,,,,,,,,,,,,,,,,,,
Instrument ID,,,,,,,,,,,,,,,,,,,,,,,,,,,
Lab ID,,,,,,,,,,,,,,,,,,,,,,,,,,,
Leak Test and Leakage Rate,,,,,,,,,,,,,,,,,,,,,,,,,,,
Instrument Errors,Normal Scan,Normal Scan,Normal Scan,Normal Scan,Normal Scan,Normal Scan,Normal Scan,Normal Scan,Normal Scan,Normal Scan,Normal Scan,Normal Scan,Normal Scan,Normal Scan,Normal Scan,Normal Scan,Normal Scan,Normal Scan,Normal Scan,Normal Scan,Normal Scan,Normal Scan,Normal Scan,Normal Scan,Normal Scan,Normal Scan,Normal Scan
Comment,,,,,,,,,,,,,,,,,,,,,,,,,,,
