Sample File,C:\Users\VanceLab\Desktop\VL_CU_SMPS_APS_CADR_20220706\VL_CU_SMPS_smokeEater_SCAN1.S82,
AIM Version,10.3.1.0
Classifier Model,3082       ,Classifier S/N,3082021905001   ,Classifier Firmware Version,2.60
Neutralizer Model,3088,Neutralizer S/N,3088011906004
Impactor (cm),0.071,Impactor S/N,7100764
DMA Model,3081,DMA S/N,3081A1903007
DMA Inner Radius (cm),0.937
DMA Outer Radius (cm),1.961
DMA Characteristic Length (cm),44.369
HV Polarity,NEG,
Detector Model,3750,Detector S/N,3750190603,Nano Enhancer , None
Detector Sample Flow (L/min),1.00,Detector Inlet Flow (L/min),1.00
Reference Gas Viscosity (Pa*s),1.832450e-005
Reference Mean Free Path (m),6.730000e-008
Reference Gas Temperature (K),296.15
Reference Gas Pressure (kPa),101.30
Sutherland Constant (K),110.40
Tube Length (cm),25.40
Tube Diameter (cm),0.48
Channels/Decade,64
Multiple Charge Correction,TRUE
Nanoparticle Agglomerate Mobility Analysis,FALSE
Diffusion Correction,TRUE
Units,Concentration (DW)
Weight,Mass
Sample #,1,2,3,4,5,6,7,8,9,10,11,12,13,14,15,16,17,18,19,20,21,22,23,24,25,26
Date,7/6/2022,7/6/2022,7/6/2022,7/6/2022,7/6/2022,7/6/2022,7/6/2022,7/6/2022,7/6/2022,7/6/2022,7/6/2022,7/6/2022,7/6/2022,7/6/2022,7/6/2022,7/6/2022,7/6/2022,7/6/2022,7/6/2022,7/6/2022,7/6/2022,7/6/2022,7/6/2022,7/6/2022,7/6/2022,7/6/2022
Start Time,09:55:00,09:58:00,10:01:00,10:04:00,10:07:00,10:10:00,10:13:00,10:16:00,10:19:00,10:22:00,10:25:00,10:28:00,10:31:00,10:34:00,10:37:00,10:40:00,10:43:00,10:46:00,10:49:00,10:52:00,10:55:00,10:58:00,11:01:00,11:04:00,11:07:00,11:10:00
Sample Temp (C),21.0,21.1,21.2,21.2,21.3,21.4,21.5,21.6,21.6,21.7,21.8,21.9,22.0,22.0,22.1,22.1,22.2,22.3,22.3,22.3,22.4,22.5,22.5,22.5,22.6,22.6
Sample Pressure (kPa),81.6,81.6,81.6,81.6,81.6,81.6,81.5,81.5,81.5,81.5,81.5,81.5,81.5,81.5,81.5,81.5,81.5,81.5,81.5,81.5,81.5,81.5,81.5,81.5,81.5,81.5
Relative Humidity (%),62.7,62.7,62.5,62.3,62.1,61.9,61.6,61.4,61.2,60.9,60.7,60.5,60.2,60.0,59.7,59.5,59.3,59.1,58.8,58.6,58.4,58.2,58.0,57.9,57.7,57.5
Mean Free Path (m),8.28305e-008,8.28664e-008,8.29022e-008,8.29022e-008,8.29381e-008,8.29739e-008,8.31116e-008,8.31475e-008,8.31475e-008,8.31834e-008,8.32193e-008,8.32552e-008,8.32911e-008,8.32911e-008,8.33270e-008,8.33270e-008,8.33629e-008,8.33988e-008,8.33988e-008,8.33988e-008,8.34347e-008,8.34706e-008,8.34706e-008,8.34706e-008,8.35065e-008,8.35065e-008
Gas Viscosity (Pa*s),1.82289e-005,1.82337e-005,1.82384e-005,1.82384e-005,1.82432e-005,1.82480e-005,1.82528e-005,1.82576e-005,1.82576e-005,1.82624e-005,1.82672e-005,1.82719e-005,1.82767e-005,1.82767e-005,1.82815e-005,1.82815e-005,1.82863e-005,1.82911e-005,1.82911e-005,1.82911e-005,1.82958e-005,1.83006e-005,1.83006e-005,1.83006e-005,1.83054e-005,1.83054e-005
Diameter Midpoint (nm)
 15.7,0.000,0.000,0.000,0.000,0.000,0.000,0.002,0.003,0.003,0.002,0.001,0.001,0.001,0.001,0.000,0.000,0.000,0.000,0.000,0.000,0.000,0.000,0.000,0.000,0.000,0.000
 16.3,0.000,0.000,0.000,0.000,0.000,0.000,0.003,0.004,0.003,0.002,0.002,0.001,0.001,0.001,0.001,0.000,0.000,0.000,0.000,0.000,0.000,0.000,0.000,0.000,0.000,0.000
 16.8,0.000,0.000,0.000,0.000,0.000,0.000,0.003,0.004,0.003,0.002,0.002,0.001,0.001,0.001,0.001,0.000,0.000,0.000,0.000,0.000,0.000,0.000,0.000,0.000,0.000,0.000
 17.5,0.000,0.000,0.000,0.000,0.000,0.000,0.003,0.005,0.003,0.002,0.002,0.001,0.001,0.001,0.001,0.000,0.000,0.000,0.000,0.000,0.000,0.000,0.000,0.000,0.000,0.000
 18.1,0.000,0.000,0.000,0.000,0.000,0.000,0.004,0.006,0.004,0.003,0.002,0.001,0.001,0.001,0.001,0.001,0.000,0.000,0.000,0.000,0.000,0.000,0.000,0.000,0.000,0.000
 18.8,0.000,0.000,0.000,0.000,0.000,0.000,0.004,0.006,0.004,0.003,0.002,0.002,0.001,0.001,0.001,0.001,0.000,0.000,0.000,0.000,0.000,0.000,0.000,0.000,0.000,0.000
 19.5,0.000,0.000,0.000,0.000,0.000,0.000,0.005,0.007,0.005,0.004,0.002,0.002,0.001,0.001,0.001,0.001,0.000,0.000,0.000,0.000,0.000,0.000,0.000,0.000,0.000,0.000
 20.2,0.000,0.000,0.000,0.000,0.000,0.000,0.006,0.008,0.006,0.004,0.003,0.002,0.002,0.001,0.001,0.001,0.000,0.000,0.000,0.000,0.000,0.000,0.000,0.000,0.000,0.000
 20.9,0.000,0.000,0.000,0.000,0.000,0.000,0.006,0.009,0.006,0.004,0.003,0.002,0.002,0.001,0.001,0.001,0.001,0.000,0.000,0.000,0.000,0.000,0.000,0.000,0.000,0.000
 21.7,0.000,0.000,0.000,0.000,0.000,0.000,0.007,0.010,0.007,0.005,0.003,0.003,0.002,0.001,0.001,0.001,0.001,0.000,0.000,0.000,0.000,0.000,0.000,0.000,0.000,0.000
 22.5,0.000,0.000,0.000,0.000,0.000,0.000,0.008,0.011,0.008,0.005,0.004,0.003,0.002,0.002,0.001,0.001,0.001,0.001,0.000,0.000,0.000,0.000,0.000,0.000,0.000,0.000
 23.3,0.000,0.000,0.000,0.000,0.000,0.000,0.009,0.013,0.008,0.006,0.004,0.003,0.002,0.002,0.001,0.001,0.001,0.001,0.000,0.000,0.000,0.000,0.000,0.000,0.000,0.000
 24.1,0.000,0.000,0.000,0.000,0.000,0.000,0.010,0.014,0.010,0.007,0.005,0.003,0.003,0.002,0.001,0.001,0.001,0.001,0.000,0.000,0.000,0.000,0.000,0.000,0.000,0.000
 25.0,0.000,0.000,0.000,0.000,0.000,0.000,0.012,0.016,0.011,0.008,0.005,0.004,0.003,0.002,0.001,0.001,0.001,0.001,0.000,0.000,0.000,0.000,0.000,0.000,0.000,0.000
 25.9,0.000,0.000,0.000,0.000,0.000,0.000,0.014,0.018,0.012,0.008,0.006,0.004,0.003,0.002,0.002,0.001,0.001,0.001,0.001,0.000,0.000,0.000,0.000,0.000,0.000,0.000
 26.9,0.000,0.000,0.000,0.000,0.000,0.000,0.015,0.020,0.014,0.009,0.006,0.005,0.003,0.002,0.002,0.001,0.001,0.001,0.001,0.000,0.000,0.000,0.000,0.000,0.000,0.000
 27.9,0.000,0.000,0.000,0.000,0.000,0.000,0.017,0.022,0.015,0.011,0.007,0.005,0.004,0.003,0.002,0.001,0.001,0.001,0.001,0.000,0.000,0.000,0.000,0.000,0.000,0.000
 28.9,0.000,0.000,0.000,0.000,0.000,0.000,0.019,0.025,0.017,0.012,0.008,0.006,0.004,0.003,0.002,0.002,0.001,0.001,0.001,0.000,0.000,0.000,0.000,0.000,0.000,0.000
 30.0,0.000,0.000,0.000,0.000,0.000,0.000,0.021,0.029,0.019,0.014,0.009,0.006,0.004,0.003,0.002,0.002,0.001,0.001,0.001,0.001,0.000,0.000,0.000,0.000,0.000,0.000
 31.1,0.000,0.000,0.000,0.000,0.000,0.000,0.024,0.031,0.021,0.014,0.009,0.007,0.005,0.004,0.002,0.002,0.001,0.001,0.001,0.001,0.000,0.000,0.000,0.000,0.000,0.000
 32.2,0.000,0.000,0.000,0.000,0.000,0.000,0.026,0.036,0.023,0.016,0.011,0.008,0.005,0.004,0.003,0.002,0.002,0.001,0.001,0.001,0.000,0.000,0.000,0.000,0.000,0.000
 33.4,0.000,0.000,0.000,0.000,0.000,0.000,0.030,0.040,0.025,0.018,0.012,0.008,0.006,0.004,0.003,0.002,0.001,0.001,0.001,0.001,0.000,0.000,0.000,0.000,0.000,0.000
 34.6,0.000,0.000,0.000,0.000,0.000,0.001,0.034,0.044,0.029,0.019,0.013,0.009,0.007,0.005,0.003,0.002,0.002,0.001,0.001,0.001,0.000,0.000,0.000,0.000,0.000,0.000
 35.9,0.000,0.000,0.000,0.000,0.000,0.001,0.037,0.048,0.033,0.021,0.015,0.010,0.007,0.005,0.004,0.002,0.002,0.001,0.001,0.001,0.000,0.000,0.000,0.000,0.000,0.000
 37.2,0.000,0.000,0.000,0.000,0.000,0.002,0.041,0.054,0.036,0.024,0.016,0.012,0.008,0.006,0.004,0.003,0.002,0.001,0.001,0.001,0.001,0.000,0.000,0.000,0.000,0.000
 38.5,0.000,0.000,0.000,0.000,0.000,0.003,0.046,0.060,0.040,0.027,0.018,0.013,0.009,0.006,0.005,0.003,0.002,0.001,0.001,0.001,0.001,0.000,0.000,0.000,0.000,0.000
 40.0,0.000,0.000,0.000,0.000,0.000,0.003,0.052,0.067,0.045,0.029,0.020,0.015,0.010,0.007,0.005,0.003,0.002,0.002,0.001,0.001,0.001,0.001,0.000,0.000,0.000,0.000
 41.4,0.000,0.000,0.000,0.000,0.000,0.003,0.059,0.074,0.050,0.034,0.023,0.016,0.011,0.008,0.005,0.004,0.003,0.002,0.001,0.001,0.001,0.000,0.000,0.000,0.000,0.000
 42.9,0.000,0.000,0.000,0.000,0.000,0.004,0.067,0.083,0.054,0.037,0.026,0.018,0.012,0.009,0.006,0.004,0.003,0.002,0.001,0.001,0.001,0.001,0.000,0.000,0.000,0.000
 44.5,0.000,0.000,0.000,0.000,0.000,0.006,0.076,0.091,0.060,0.041,0.029,0.020,0.013,0.010,0.007,0.005,0.003,0.002,0.002,0.001,0.001,0.001,0.000,0.000,0.000,0.000
 46.1,0.000,0.000,0.000,0.000,0.000,0.007,0.083,0.099,0.068,0.045,0.032,0.022,0.016,0.011,0.007,0.005,0.004,0.003,0.002,0.001,0.001,0.001,0.001,0.000,0.000,0.000
 47.8,0.000,0.000,0.000,0.000,0.000,0.011,0.091,0.111,0.073,0.051,0.035,0.025,0.018,0.012,0.008,0.006,0.004,0.003,0.002,0.001,0.001,0.001,0.001,0.000,0.000,0.000
 49.6,0.000,0.000,0.000,0.000,0.000,0.013,0.103,0.122,0.082,0.057,0.039,0.028,0.019,0.013,0.009,0.007,0.004,0.003,0.002,0.002,0.001,0.001,0.001,0.000,0.000,0.000
 51.4,0.001,0.001,0.000,0.000,0.000,0.014,0.115,0.134,0.092,0.065,0.044,0.031,0.022,0.015,0.011,0.007,0.005,0.004,0.002,0.002,0.001,0.001,0.001,0.000,0.001,0.000
 53.3,0.001,0.000,0.000,0.000,0.000,0.015,0.131,0.149,0.099,0.070,0.049,0.034,0.024,0.016,0.012,0.008,0.006,0.004,0.003,0.002,0.001,0.001,0.001,0.001,0.000,0.000
 55.2,0.001,0.001,0.001,0.000,0.000,0.016,0.143,0.162,0.113,0.079,0.055,0.039,0.027,0.018,0.014,0.009,0.007,0.005,0.003,0.002,0.002,0.001,0.001,0.001,0.000,0.000
 57.3,0.001,0.001,0.001,0.000,0.000,0.016,0.163,0.181,0.126,0.088,0.062,0.044,0.030,0.021,0.014,0.010,0.007,0.005,0.004,0.003,0.002,0.001,0.001,0.001,0.001,0.000
 59.4,0.001,0.001,0.001,0.001,0.001,0.018,0.176,0.194,0.138,0.095,0.067,0.048,0.035,0.024,0.017,0.012,0.008,0.006,0.004,0.003,0.002,0.002,0.001,0.001,0.001,0.000
 61.5,0.001,0.001,0.001,0.001,0.000,0.019,0.198,0.215,0.152,0.107,0.076,0.054,0.038,0.026,0.019,0.013,0.009,0.007,0.005,0.003,0.002,0.002,0.001,0.001,0.001,0.000
 63.8,0.001,0.001,0.001,0.001,0.001,0.022,0.219,0.230,0.171,0.121,0.085,0.061,0.041,0.029,0.021,0.015,0.010,0.007,0.005,0.004,0.003,0.002,0.002,0.001,0.001,0.001
 66.1,0.002,0.001,0.001,0.001,0.001,0.026,0.241,0.257,0.188,0.132,0.096,0.065,0.046,0.033,0.024,0.016,0.011,0.008,0.006,0.004,0.003,0.003,0.002,0.001,0.001,0.001
 68.5,0.002,0.001,0.001,0.001,0.001,0.027,0.261,0.278,0.203,0.147,0.103,0.073,0.052,0.037,0.024,0.018,0.013,0.009,0.006,0.005,0.003,0.002,0.002,0.002,0.001,0.001
 71.0,0.002,0.002,0.001,0.001,0.001,0.036,0.286,0.308,0.222,0.158,0.112,0.082,0.057,0.041,0.028,0.021,0.015,0.010,0.007,0.006,0.004,0.003,0.002,0.001,0.001,0.001
 73.7,0.002,0.002,0.002,0.001,0.001,0.039,0.315,0.331,0.242,0.171,0.124,0.088,0.060,0.046,0.032,0.023,0.015,0.011,0.008,0.006,0.004,0.003,0.002,0.002,0.001,0.001
 76.4,0.003,0.002,0.002,0.002,0.001,0.046,0.344,0.364,0.262,0.188,0.135,0.098,0.067,0.049,0.033,0.025,0.018,0.013,0.009,0.006,0.005,0.004,0.003,0.002,0.001,0.001
 79.1,0.003,0.002,0.002,0.002,0.001,0.054,0.373,0.398,0.287,0.211,0.148,0.108,0.076,0.053,0.038,0.027,0.019,0.015,0.009,0.008,0.005,0.004,0.003,0.002,0.001,0.001
 82.0,0.003,0.003,0.002,0.002,0.002,0.064,0.410,0.437,0.317,0.226,0.172,0.119,0.082,0.058,0.043,0.030,0.021,0.015,0.012,0.007,0.006,0.005,0.004,0.003,0.002,0.002
 85.1,0.004,0.003,0.002,0.002,0.001,0.078,0.447,0.470,0.343,0.248,0.179,0.132,0.092,0.064,0.048,0.035,0.024,0.016,0.012,0.009,0.007,0.006,0.004,0.003,0.002,0.002
 88.2,0.005,0.004,0.003,0.002,0.002,0.089,0.484,0.520,0.383,0.273,0.201,0.149,0.106,0.073,0.051,0.039,0.026,0.018,0.012,0.011,0.008,0.006,0.004,0.003,0.003,0.002
 91.4,0.005,0.004,0.003,0.003,0.002,0.104,0.521,0.567,0.412,0.295,0.216,0.158,0.114,0.084,0.058,0.041,0.028,0.022,0.014,0.013,0.008,0.005,0.005,0.004,0.004,0.002
 94.7,0.005,0.003,0.004,0.003,0.003,0.121,0.577,0.607,0.455,0.324,0.238,0.179,0.123,0.091,0.064,0.048,0.032,0.025,0.018,0.012,0.010,0.007,0.006,0.004,0.003,0.002
 98.2,0.007,0.005,0.004,0.003,0.004,0.133,0.631,0.644,0.485,0.359,0.261,0.199,0.137,0.098,0.070,0.052,0.038,0.026,0.020,0.014,0.010,0.008,0.006,0.005,0.004,0.003
101.8,0.006,0.006,0.004,0.004,0.003,0.157,0.670,0.722,0.538,0.390,0.288,0.208,0.151,0.110,0.078,0.058,0.041,0.028,0.020,0.017,0.013,0.009,0.007,0.006,0.003,0.004
105.5,0.008,0.007,0.005,0.003,0.003,0.170,0.748,0.792,0.569,0.428,0.317,0.230,0.163,0.126,0.085,0.065,0.043,0.032,0.024,0.017,0.012,0.011,0.007,0.006,0.004,0.004
109.4,0.008,0.007,0.003,0.004,0.004,0.197,0.812,0.841,0.632,0.478,0.340,0.248,0.183,0.125,0.094,0.069,0.046,0.032,0.028,0.022,0.017,0.010,0.010,0.005,0.006,0.004
113.4,0.010,0.007,0.006,0.005,0.005,0.204,0.877,0.899,0.662,0.496,0.376,0.262,0.193,0.147,0.107,0.079,0.059,0.040,0.030,0.022,0.017,0.014,0.008,0.008,0.005,0.006
117.6,0.010,0.008,0.010,0.005,0.007,0.236,0.961,0.983,0.735,0.562,0.411,0.294,0.222,0.152,0.114,0.088,0.060,0.037,0.034,0.024,0.018,0.013,0.009,0.009,0.007,0.005
121.9,0.013,0.009,0.011,0.007,0.005,0.258,1.020,1.068,0.794,0.609,0.444,0.330,0.237,0.167,0.122,0.091,0.068,0.049,0.037,0.028,0.022,0.017,0.011,0.009,0.005,0.005
126.3,0.011,0.012,0.010,0.009,0.006,0.266,1.113,1.135,0.861,0.649,0.476,0.345,0.256,0.193,0.140,0.093,0.078,0.052,0.040,0.028,0.021,0.012,0.014,0.011,0.009,0.007
131.0,0.017,0.013,0.009,0.009,0.006,0.309,1.229,1.232,0.933,0.712,0.513,0.385,0.275,0.202,0.146,0.109,0.079,0.056,0.040,0.029,0.024,0.019,0.015,0.012,0.011,0.005
135.8,0.012,0.014,0.011,0.008,0.009,0.322,1.337,1.321,0.987,0.756,0.568,0.410,0.310,0.222,0.159,0.120,0.097,0.064,0.050,0.039,0.028,0.019,0.015,0.013,0.011,0.009
140.7,0.019,0.016,0.013,0.012,0.011,0.370,1.412,1.444,1.086,0.827,0.620,0.445,0.331,0.241,0.185,0.129,0.096,0.057,0.053,0.042,0.032,0.028,0.019,0.014,0.010,0.009
145.9,0.019,0.017,0.013,0.011,0.007,0.417,1.555,1.542,1.156,0.874,0.656,0.480,0.358,0.257,0.188,0.137,0.109,0.073,0.055,0.047,0.037,0.027,0.017,0.014,0.014,0.011
151.2,0.023,0.021,0.015,0.014,0.010,0.458,1.702,1.707,1.253,0.926,0.703,0.523,0.403,0.282,0.213,0.152,0.108,0.081,0.067,0.051,0.040,0.026,0.023,0.016,0.015,0.010
156.8,0.019,0.018,0.011,0.013,0.010,0.495,1.806,1.795,1.370,1.060,0.771,0.587,0.416,0.304,0.218,0.167,0.129,0.088,0.071,0.049,0.045,0.028,0.022,0.020,0.017,0.014
162.5,0.024,0.016,0.020,0.014,0.014,0.532,1.939,1.961,1.471,1.086,0.836,0.636,0.448,0.320,0.242,0.189,0.129,0.105,0.071,0.057,0.046,0.031,0.023,0.021,0.016,0.013
168.5,0.025,0.021,0.019,0.015,0.013,0.618,2.167,2.092,1.608,1.151,0.893,0.664,0.491,0.370,0.273,0.200,0.143,0.112,0.090,0.062,0.045,0.034,0.028,0.026,0.017,0.014
174.7,0.021,0.024,0.019,0.017,0.015,0.728,2.452,2.240,1.715,1.316,0.996,0.718,0.516,0.370,0.291,0.210,0.150,0.119,0.096,0.073,0.045,0.044,0.030,0.021,0.018,0.015
181.1,0.028,0.024,0.017,0.018,0.011,0.748,2.545,2.345,1.816,1.331,1.048,0.761,0.561,0.432,0.294,0.227,0.181,0.130,0.088,0.076,0.065,0.048,0.035,0.027,0.025,0.023
187.7,0.027,0.024,0.021,0.016,0.013,0.832,2.847,2.545,1.971,1.452,1.091,0.824,0.640,0.445,0.335,0.240,0.188,0.134,0.105,0.067,0.059,0.047,0.036,0.028,0.019,0.018
194.6,0.035,0.022,0.022,0.014,0.011,0.943,3.041,2.729,2.125,1.543,1.189,0.875,0.670,0.471,0.336,0.249,0.179,0.142,0.111,0.086,0.068,0.063,0.038,0.032,0.028,0.026
201.7,0.024,0.027,0.020,0.018,0.014,1.018,3.348,2.887,2.241,1.657,1.288,0.908,0.719,0.545,0.386,0.266,0.200,0.162,0.128,0.088,0.071,0.054,0.043,0.032,0.028,0.025
209.1,0.023,0.021,0.023,0.022,0.014,1.076,3.545,3.123,2.386,1.820,1.324,0.981,0.740,0.525,0.403,0.280,0.215,0.171,0.110,0.093,0.072,0.050,0.042,0.034,0.028,0.024
216.7,0.025,0.024,0.019,0.021,0.015,1.171,3.752,3.312,2.553,1.929,1.437,1.021,0.812,0.595,0.444,0.305,0.238,0.183,0.135,0.096,0.074,0.056,0.059,0.034,0.033,0.022
224.7,0.032,0.026,0.022,0.015,0.017,1.284,4.099,3.533,2.758,1.997,1.576,1.146,0.841,0.624,0.470,0.343,0.248,0.215,0.153,0.100,0.076,0.053,0.045,0.036,0.032,0.025
232.9,0.023,0.029,0.015,0.015,0.014,1.378,4.234,3.756,2.888,2.176,1.541,1.204,0.832,0.636,0.470,0.359,0.253,0.208,0.131,0.118,0.082,0.081,0.049,0.051,0.041,0.028
241.4,0.034,0.025,0.019,0.019,0.016,1.474,4.634,3.949,2.971,2.278,1.702,1.278,0.920,0.711,0.518,0.352,0.277,0.217,0.162,0.125,0.080,0.096,0.064,0.033,0.042,0.027
250.3,0.025,0.025,0.015,0.022,0.013,1.621,4.927,4.315,3.187,2.347,1.825,1.331,0.977,0.746,0.546,0.385,0.299,0.230,0.163,0.119,0.097,0.077,0.066,0.046,0.037,0.024
259.5,0.032,0.019,0.011,0.012,0.011,1.762,5.168,4.353,3.349,2.546,1.879,1.403,1.026,0.758,0.582,0.406,0.295,0.224,0.168,0.138,0.106,0.076,0.071,0.038,0.034,0.033
269.0,0.015,0.016,0.018,0.014,0.007,1.773,5.384,4.666,3.447,2.668,1.943,1.425,1.099,0.795,0.586,0.434,0.323,0.223,0.175,0.109,0.107,0.095,0.073,0.055,0.053,0.036
278.8,0.027,0.015,0.019,0.016,0.011,1.963,5.543,4.788,3.601,2.665,2.074,1.511,1.124,0.818,0.594,0.430,0.346,0.248,0.167,0.129,0.108,0.090,0.071,0.055,0.039,0.027
289.0,0.019,0.020,0.018,0.010,0.014,2.114,6.087,5.182,4.014,2.830,2.019,1.522,1.148,0.867,0.644,0.470,0.344,0.237,0.191,0.131,0.116,0.094,0.065,0.044,0.033,0.026
299.6,0.015,0.026,0.017,0.010,0.014,2.245,6.240,5.368,4.106,2.933,2.282,1.631,1.218,0.856,0.632,0.484,0.296,0.244,0.207,0.128,0.101,0.087,0.082,0.050,0.049,0.034
310.6,0.025,0.022,0.008,0.017,0.005,2.437,6.756,5.620,4.324,3.142,2.304,1.763,1.180,0.967,0.720,0.475,0.364,0.294,0.220,0.133,0.113,0.075,0.065,0.049,0.051,0.037
322.0,0.015,0.018,0.016,0.012,0.011,2.455,7.043,5.948,4.437,3.458,2.402,1.857,1.233,0.964,0.687,0.442,0.389,0.329,0.208,0.176,0.122,0.090,0.086,0.046,0.029,0.043
333.8,0.020,0.008,0.008,0.006,0.004,2.587,7.258,5.841,4.561,3.229,2.485,1.864,1.251,0.931,0.639,0.504,0.396,0.247,0.209,0.181,0.112,0.115,0.068,0.055,0.058,0.039
346.0,0.018,0.011,0.015,0.000,0.009,2.684,7.449,6.142,4.770,3.335,2.476,1.808,1.284,0.976,0.625,0.510,0.385,0.268,0.152,0.153,0.152,0.125,0.075,0.055,0.049,0.056
358.7,0.020,0.020,0.017,0.010,0.004,3.017,7.769,6.142,4.863,3.424,2.512,1.847,1.263,0.982,0.636,0.558,0.388,0.299,0.148,0.152,0.125,0.099,0.068,0.065,0.027,0.041
371.8,0.010,0.007,0.011,0.006,0.004,3.058,7.968,6.691,4.931,3.479,2.277,1.852,1.415,0.963,0.686,0.507,0.374,0.263,0.180,0.192,0.095,0.089,0.076,0.055,0.031,0.022
385.4,0.017,0.002,0.005,0.019,0.003,2.996,8.215,6.671,5.052,3.628,2.739,1.703,1.365,0.867,0.687,0.485,0.337,0.265,0.182,0.139,0.117,0.062,0.069,0.046,0.048,0.015
399.5,0.005,0.022,0.006,0.011,0.007,3.526,8.188,6.809,4.730,3.598,2.426,1.672,1.302,0.828,0.703,0.437,0.361,0.218,0.167,0.157,0.088,0.058,0.070,0.048,0.023,0.031
414.2,0.007,0.005,0.008,0.008,0.000,3.428,8.281,6.587,4.860,3.544,2.488,1.681,1.180,0.907,0.594,0.528,0.243,0.243,0.180,0.108,0.104,0.053,0.063,0.039,0.034,0.040
429.4,0.009,0.009,0.005,0.000,0.005,3.836,8.710,7.201,4.666,3.375,2.538,1.665,1.188,0.886,0.564,0.472,0.377,0.257,0.170,0.147,0.116,0.102,0.065,0.055,0.050,0.018
445.1,0.026,0.016,0.000,0.005,0.005,3.712,8.884,6.941,4.980,3.335,2.380,1.840,1.115,0.944,0.554,0.389,0.305,0.234,0.170,0.159,0.047,0.061,0.062,0.041,0.034,0.036
461.4,0.059,0.006,0.000,0.000,0.018,3.828,8.891,7.001,4.821,3.497,2.546,1.689,1.152,0.822,0.440,0.373,0.231,0.183,0.161,0.143,0.071,0.071,0.041,0.024,0.008,0.029
478.3,0.015,0.000,0.007,0.000,0.007,3.559,8.376,6.571,4.522,3.073,2.048,1.603,0.974,0.763,0.440,0.334,0.187,0.187,0.200,0.073,0.120,0.027,0.047,0.027,0.033,0.027
495.8,0.028,0.008,0.000,0.000,0.000,3.457,8.315,6.080,4.352,3.158,1.976,1.381,0.921,0.707,0.492,0.392,0.203,0.166,0.075,0.113,0.068,0.083,0.015,0.008,0.015,0.023
514.0,0.008,0.000,0.009,0.000,0.000,3.503,7.781,5.820,3.735,2.567,1.919,1.082,0.835,0.631,0.440,0.281,0.228,0.119,0.107,0.077,0.068,0.081,0.060,0.043,0.017,0.017
532.8,0.000,0.010,0.010,0.000,0.000,3.053,7.206,5.944,3.591,2.507,1.673,0.958,0.691,0.505,0.390,0.224,0.273,0.068,0.092,0.048,0.068,0.034,0.029,0.029,0.019,0.019
552.3,0.011,0.011,0.000,0.000,0.011,3.114,6.824,5.073,3.357,1.997,1.555,0.988,0.693,0.439,0.254,0.219,0.165,0.089,0.055,0.044,0.022,0.044,0.000,0.033,0.000,0.000
572.5,0.000,0.000,0.000,0.000,0.000,2.541,6.080,4.290,3.211,1.996,1.147,0.870,0.766,0.345,0.275,0.233,0.087,0.087,0.087,0.087,0.025,0.025,0.025,0.012,0.000,0.000
593.5,0.000,0.000,0.000,0.000,0.000,0.000,0.000,0.000,0.000,0.000,0.000,0.000,0.000,0.000,0.000,0.000,0.000,0.000,0.000,0.000,0.000,0.000,0.000,0.000,0.000,0.000
615.3,0.000,0.000,0.000,0.000,0.000,0.000,0.000,0.000,0.000,0.000,0.000,0.000,0.000,0.000,0.000,0.000,0.000,0.000,0.000,0.000,0.000,0.000,0.000,0.000,0.000,0.000
637.8,0.000,0.000,0.000,0.000,0.000,0.000,0.000,0.000,0.000,0.000,0.000,0.000,0.000,0.000,0.000,0.000,0.000,0.000,0.000,0.000,0.000,0.000,0.000,0.000,0.000,0.000
661.2,0.000,0.000,0.000,0.000,0.000,0.000,0.000,0.000,0.000,0.000,0.000,0.000,0.000,0.000,0.000,0.000,0.000,0.000,0.000,0.000,0.000,0.000,0.000,0.000,0.000,0.000
685.4,0.000,0.000,0.000,0.000,0.000,0.000,0.000,0.000,0.000,0.000,0.000,0.000,0.000,0.000,0.000,0.000,0.000,0.000,0.000,0.000,0.000,0.000,0.000,0.000,0.000,0.000
710.5,0.000,0.000,0.000,0.000,0.000,0.000,0.000,0.000,0.000,0.000,0.000,0.000,0.000,0.000,0.000,0.000,0.000,0.000,0.000,0.000,0.000,0.000,0.000,0.000,0.000,0.000
736.5,0.000,0.000,0.000,0.000,0.000,0.000,0.000,0.000,0.000,0.000,0.000,0.000,0.000,0.000,0.000,0.000,0.000,0.000,0.000,0.000,0.000,0.000,0.000,0.000,0.000,0.000
Scan Time (s),155,155,155,155,155,155,155,155,155,155,155,155,155,155,155,155,155,155,155,155,155,155,155,155,155,155
Retrace Time (s),4,4,4,4,4,4,4,4,4,4,4,4,4,4,4,4,4,4,4,4,4,4,4,4,4,4
Scan Resolution (Hz),50,50,50,50,50,50,50,50,50,50,50,50,50,50,50,50,50,50,50,50,50,50,50,50,50,50
Scans Per Sample,1,1,1,1,1,1,1,1,1,1,1,1,1,1,1,1,1,1,1,1,1,1,1,1,1,1
Sheath Flow (L/min),3.000,3.000,3.000,3.000,3.000,3.000,3.000,3.000,3.000,3.000,3.000,3.000,3.000,3.000,3.000,3.000,3.000,3.000,3.000,3.000,3.000,3.000,3.000,3.000,3.000,3.000
Aerosol Flow (L/min),0.871,0.871,0.871,0.871,0.872,0.872,0.872,0.872,0.872,0.873,0.873,0.873,0.873,0.874,0.873,0.874,0.874,0.873,0.874,0.874,0.874,0.874,0.875,0.875,0.874,0.875
Bypass Flow (L/min),0.00,0.00,0.00,0.00,0.00,0.00,0.00,0.00,0.00,0.00,0.00,0.00,0.00,0.00,0.00,0.00,0.00,0.00,0.00,0.00,0.00,0.00,0.00,0.00,0.00,0.00
Low Voltage (V),10.36,10.36,10.35,10.35,10.35,10.35,10.34,10.34,10.34,10.33,10.33,10.33,10.33,10.33,10.33,10.33,10.33,10.32,10.32,10.32,10.32,10.32,10.32,10.32,10.32,10.32
High Voltage (V),9717.81,9719.19,9720.93,9720.93,9722.67,9724.05,9723.46,9725.19,9725.19,9726.92,9728.30,9730.03,9731.76,9731.76,9733.13,9733.48,9734.86,9736.58,9736.94,9736.58,9738.31,9740.03,9740.03,9739.68,9741.40,9741.76
Lower Size (nm), 15.4, 15.4, 15.4, 15.4, 15.4, 15.4, 15.4, 15.4, 15.4, 15.4, 15.4, 15.4, 15.4, 15.4, 15.4, 15.4, 15.4, 15.4, 15.4, 15.4, 15.4, 15.4, 15.4, 15.4, 15.4, 15.4
Upper Size (nm),749.9,749.9,749.9,749.9,749.9,749.9,749.9,749.9,749.9,749.9,749.9,749.9,749.9,749.9,749.9,749.9,749.9,749.9,749.9,749.9,749.9,749.9,749.9,749.9,749.9,749.9
Density (g/cm³),1.8,1.8,1.8,1.8,1.8,1.8,1.8,1.8,1.8,1.8,1.8,1.8,1.8,1.8,1.8,1.8,1.8,1.8,1.8,1.8,1.8,1.8,1.8,1.8,1.8,1.8
td + 0.5 (s),1.54,1.54,1.54,1.54,1.54,1.54,1.54,1.54,1.54,1.54,1.54,1.54,1.54,1.54,1.54,1.54,1.54,1.54,1.54,1.54,1.54,1.54,1.54,1.54,1.54,1.54
tf (s),6.41,6.41,6.41,6.41,6.41,6.41,6.41,6.41,6.41,6.41,6.41,6.41,6.41,6.41,6.41,6.41,6.41,6.41,6.41,6.41,6.41,6.41,6.40,6.40,6.41,6.40
D50 (nm),565.9,565.9,566.0,566.0,565.7,565.7,565.6,565.7,565.7,565.4,565.4,565.5,565.5,565.1,565.5,565.2,565.2,565.6,565.3,565.3,565.3,565.4,565.0,565.0,565.4,565.0
Neutralizer Status,ON,ON,ON,ON,ON,ON,ON,ON,ON,ON,ON,ON,ON,ON,ON,ON,ON,ON,ON,ON,ON,ON,ON,ON,ON,ON
Median (nm),227.689,216.967,210.112,210.079,215.498,370.267,342.979,329.895,323.910,319.062,313.998,309.886,305.644,305.121,298.435,301.251,298.107,295.499,294.011,302.386,293.949,293.363,293.700,292.134,280.055,294.675
Mean (nm),256.898,237.232,230.794,222.521,238.391,363.076,340.282,328.946,324.207,320.199,316.523,312.599,310.955,309.307,304.806,306.680,303.747,300.222,301.564,305.614,300.729,303.331,299.984,300.858,288.914,297.679
Geo. Mean (nm),228.623,214.478,209.803,205.152,214.515,338.001,309.647,296.151,292.395,289.011,285.950,282.709,281.242,280.433,276.402,278.147,276.041,273.982,274.179,278.327,274.479,277.287,275.476,274.729,266.043,273.773
Mode (nm),461.384,232.910,209.080,250.287,461.384,429.351,461.384,429.351,385.423,385.423,385.423,333.762,371.803,358.664,310.590,358.664,333.762,321.968,310.590,371.803,345.989,345.989,321.968,358.664,333.762,345.989
Geo. Std. Dev.,1.642,1.581,1.562,1.518,1.595,1.503,1.609,1.654,1.643,1.638,1.631,1.626,1.623,1.613,1.610,1.610,1.600,1.584,1.596,1.591,1.580,1.572,1.556,1.575,1.541,1.547
Total Conc. (µg/m³),9.712663e-001,7.702307e-001,6.132425e-001,5.123289e-001,4.377745e-001,8.492156e+001,2.341580e+002,1.976332e+002,1.450302e+002,1.047371e+002,7.611590e+001,5.473815e+001,3.950380e+001,2.884946e+001,2.043297e+001,1.506877e+001,1.097236e+001,8.070635e+000,5.949046e+000,4.631522e+000,3.477676e+000,2.778188e+000,2.136655e+000,1.579450e+000,1.251271e+000,1.053800e+000
Title,,,,,,,,,,,,,,,,,,,,,,,,,,
User Name,vancelab,vancelab,vancelab,vancelab,vancelab,vancelab,vancelab,vancelab,vancelab,vancelab,vancelab,vancelab,vancelab,vancelab,vancelab,vancelab,vancelab,vancelab,vancelab,vancelab,vancelab,vancelab,vancelab,vancelab,vancelab,vancelab
Sample ID,,,,,,,,,,,,,,,,,,,,,,,,,,
Instrument ID,,,,,,,,,,,,,,,,,,,,,,,,,,
Lab ID,,,,,,,,,,,,,,,,,,,,,,,,,,
Leak Test and Leakage Rate,,,,,,,,,,,,,,,,,,,,,,,,,,
Instrument Errors,Normal Scan,Normal Scan,Normal Scan,Normal Scan,Normal Scan,Normal Scan,Normal Scan,Normal Scan,Normal Scan,Normal Scan,Normal Scan,Normal Scan,Normal Scan,Normal Scan,Normal Scan,Normal Scan,Normal Scan,Normal Scan,Normal Scan,Normal Scan,Normal Scan,Normal Scan,Normal Scan,Normal Scan,Normal Scan,Normal Scan
Comment,,,,,,,,,,,,,,,,,,,,,,,,,,
