Sample File,C:\Users\VanceLab\Desktop\VL_CU_APS_OPS_SMPS_PA_20220622\VL_CU_APS_Collocation_20220622.A21
Sample Time,155
Density,1
Stokes Correction,off
Lower Channel Bound,0.486968
Upper Channel Bound,20.5353
Sample #,1,2,3,4,5,6,7,8,9,10,11,12,13,14,15,16,17,18,19,20,21,22,23,24,25,26,27,28,29,30,31,32,33,34,35,36,37,38,39,40,41,42,43,44,45,46
Date,06/22/22,06/22/22,06/22/22,06/22/22,06/22/22,06/22/22,06/22/22,06/22/22,06/22/22,06/22/22,06/22/22,06/22/22,06/22/22,06/22/22,06/22/22,06/22/22,06/22/22,06/22/22,06/22/22,06/22/22,06/22/22,06/22/22,06/22/22,06/22/22,06/22/22,06/22/22,06/22/22,06/22/22,06/22/22,06/22/22,06/22/22,06/22/22,06/22/22,06/22/22,06/22/22,06/22/22,06/22/22,06/22/22,06/22/22,06/22/22,06/22/22,06/22/22,06/22/22,06/22/22,06/22/22,06/22/22
Start Time,13:25:00,13:28:00,13:31:01,13:34:00,13:37:01,13:40:00,13:43:00,13:46:00,13:49:00,13:52:00,13:55:00,13:58:00,14:01:00,14:04:00,14:07:00,14:10:00,14:13:00,14:16:00,14:19:00,14:22:00,14:25:00,14:28:01,14:31:00,14:34:00,14:37:00,14:40:00,14:43:00,14:46:00,14:49:00,14:52:00,14:55:00,14:58:00,15:01:00,15:04:00,15:07:00,15:10:00,15:13:00,15:16:00,15:19:00,15:22:00,15:25:00,15:28:00,15:31:00,15:34:00,15:37:01,15:40:00
Aerodynamic Diameter,dN/dlogDp,dN/dlogDp,dN/dlogDp,dN/dlogDp,dN/dlogDp,dN/dlogDp,dN/dlogDp,dN/dlogDp,dN/dlogDp,dN/dlogDp,dN/dlogDp,dN/dlogDp,dN/dlogDp,dN/dlogDp,dN/dlogDp,dN/dlogDp,dN/dlogDp,dN/dlogDp,dN/dlogDp,dN/dlogDp,dN/dlogDp,dN/dlogDp,dN/dlogDp,dN/dlogDp,dN/dlogDp,dN/dlogDp,dN/dlogDp,dN/dlogDp,dN/dlogDp,dN/dlogDp,dN/dlogDp,dN/dlogDp,dN/dlogDp,dN/dlogDp,dN/dlogDp,dN/dlogDp,dN/dlogDp,dN/dlogDp,dN/dlogDp,dN/dlogDp,dN/dlogDp,dN/dlogDp,dN/dlogDp,dN/dlogDp,dN/dlogDp,dN/dlogDp
<0.523,2.0206,1.71558,1.58397,1.5081,1.60565,1.48023,1.58861,1.46165,1.52823,1.49262,1.47249,1.54681,1.56694,1.07146,0.501667,0.255479,0.0975464,0.0851596,0.0557408,0.0557408,392.532,1494.69,2348.22,2371.21,2257.81,2189.04,1375.31,619.914,276.084,119.158,55.7315,24.9595,42.7284,894.149,1880.55,2528.08,2464.43,2400.58,2276.33,1261.91,568.782,255.197,115.184,53.3873,25.0555,11.5802
0.542,0.916627,0.755598,0.70605,0.582182,0.532635,0.693664,0.569795,0.4707,0.606956,0.507861,0.495474,0.483087,0.70605,0.445927,0.161029,0.123868,0,0.0123868,0.0123868,0,347.141,1317.12,2077.62,2080.28,2009.52,1945.69,1230.99,544.315,250.673,106.923,47.6522,21.2187,37.0986,781.87,1662.19,2263.1,2202.85,2126.55,2039.57,1124.06,497.803,229.491,103.145,47.3054,22.3706,10.1448
0.583,0.792758,0.557408,0.619342,0.730824,0.445927,0.557408,0.483087,0.532635,0.569795,0.507861,0.495474,0.421153,0.569795,0.359219,0.123868,0.0371605,0.0867079,0.0247737,0.0123868,0,329.775,1255.74,2005.15,1973.01,1944.03,1870.14,1177.62,518.328,238.41,103.628,47.2434,20.364,38.5107,737.463,1586.37,2169.19,2126.17,2045.16,1957.78,1065.73,479.507,216.175,97.435,44.2087,20.9957,9.94664
0.626,0.557408,0.569795,0.532635,0.483087,0.520248,0.532635,0.507861,0.445927,0.4707,0.346832,0.445927,0.396379,0.396379,0.322058,0.123868,0.111482,0.0371605,0,0.0123868,0.0371605,295.203,1117.41,1787.22,1767.03,1736.88,1674.64,1043.77,462.822,209.573,91.9104,39.8113,18.0353,33.3949,668.085,1427.19,1954.63,1916.59,1839.61,1769.78,955.125,424.138,192.095,89.8294,39.4273,18.0353,8.43544
0.673,0.532635,0.619342,0.495474,0.582182,0.520248,0.532635,0.421153,0.421153,0.371605,0.383992,0.532635,0.445927,0.346832,0.322058,0.136255,0.0743211,0.0371605,0,0.0123868,0.0247737,249.979,951.223,1516.27,1509.72,1471.73,1414.36,884.917,387.845,174.828,75.3492,32.788,14.9138,29.394,568.779,1228.13,1679.14,1652.01,1581.94,1512.92,817.086,357.633,162.008,74.383,33.3578,14.121,6.32968
0.723,0.70605,0.606956,0.532635,0.495474,0.43354,0.408766,0.346832,0.334445,0.322058,0.322058,0.346832,0.569795,0.43354,0.322058,0.123868,0.0743211,0.0247737,0.0247737,0.0247737,0.0123868,205.015,781.115,1254.4,1235.84,1213.68,1169.75,731.518,314.007,143.291,61.4388,27.152,12.3868,24.0181,475.568,1029.73,1400.41,1375.66,1319.35,1261.76,674.823,300.121,134.212,59.6427,26.6689,12.2258,5.63602
0.777,0.594569,0.545021,0.483087,0.359219,0.483087,0.495474,0.396379,0.322058,0.421153,0.309671,0.43354,0.383992,0.309671,0.210576,0.148642,0.0247737,0.0247737,0.0123868,0,0.0123868,173.292,665.607,1052.51,1034.3,1010.62,969.519,602.15,263.444,116.87,51.9876,21.7761,9.3273,20.4755,408.84,875.23,1186.46,1164.67,1114.75,1056.82,566.983,250.747,111.593,48.4326,22.6184,10.1572,4.66984
0.835,0.445927,0.371605,0.309671,0.260124,0.408766,0.322058,0.371605,0.260124,0.309671,0.210576,0.284898,0.23535,0.322058,0.260124,0.111482,0.0371605,0.0247737,0.0247737,0,0,142.251,547.66,876.345,861.939,840.708,802.742,502.287,216.287,96.0105,40.4307,17.7256,7.72939,16.8337,348.677,740.028,1007.6,973.866,931.949,889.413,472.075,208.087,93.5331,42.1524,18.3945,8.23725,3.7656
0.898,0.383992,0.371605,0.359219,0.260124,0.272511,0.371605,0.210576,0.210576,0.173416,0.284898,0.23535,0.19819,0.247737,0.19819,0.123868,0.0495474,0.0619342,0.0123868,0,0,116.684,447.908,711.315,700.551,681.846,649.492,403.774,171.013,77.2939,31.0662,14.1953,6.08194,13.6379,284.563,607.154,824.927,799.856,764.244,727.393,385.045,164.993,71.5464,32.0324,13.6751,6.404,3.1091
0.965,0.297284,0.309671,0.260124,0.222963,0.260124,0.346832,0.322058,0.322058,0.173416,0.222963,0.23535,0.322058,0.272511,0.247737,0.0495474,0.0619342,0.0123868,0,0.0371605,0,87.4759,339.164,544.662,539.125,521.338,498.534,307.516,128.65,57.0167,25.1081,9.89709,4.45927,11.3835,221.935,470.936,644.091,624.929,593.293,560.592,296.715,127.027,56.1372,24.0181,10.9128,4.28585,1.8828
1.037,0.260124,0.148642,0.136255,0.136255,0.260124,0.260124,0.222963,0.210576,0.185803,0.148642,0.0990948,0.210576,0.247737,0.272511,0.0990948,0.0123868,0.0247737,0,0.0123868,0,62.0829,244.653,395.921,386.494,377.576,360.792,222.517,92.7651,40.121,16.3383,7.03573,3.14626,8.68318,161.029,346.522,472.224,459.75,436.649,412.953,216.869,90.6098,38.8823,17.4407,7.07289,2.93568,1.63506
1.114,0.161029,0.19819,0.185803,0.123868,0.148642,0.173416,0.260124,0.123868,0.222963,0.123868,0.222963,0.148642,0.161029,0.123868,0.0495474,0.0247737,0.0123868,0,0,0,42.8709,171.942,278.035,270.43,264.199,251.156,150.352,62.5412,26.9414,11.0986,4.48404,1.89519,6.24297,116.808,249.223,338.062,325.997,306.451,290.558,151.181,63.2473,26.5079,11.3711,4.83087,1.99428,1.07766
1.197,0.0867079,0.161029,0.260124,0.185803,0.148642,0.111482,0.123868,0.111482,0.161029,0.123868,0.123868,0.161029,0.19819,0.161029,0.0619342,0.0247737,0,0,0.0123868,0,31.1282,118.493,193.371,186.583,180.514,171.768,104.062,43.0691,18.2706,7.3454,2.9233,1.18914,4.29824,81.9018,175.051,237.208,229.64,214.515,199.936,104.359,43.4159,18.8652,7.77894,3.28252,1.32539,0.891853
1.286,0.136255,0.0990948,0.0743211,0.0990948,0.210576,0.222963,0.136255,0.0990948,0.0867079,0.0619342,0.0619342,0.123868,0.161029,0.111482,0,0.0371605,0,0.0123868,0.0123868,0.0123868,20.2525,77.232,126.16,124.141,119.669,111.977,69.8494,28.2792,11.6684,4.97951,2.03144,0.978561,2.65079,56.3106,117.341,160.781,156.087,142.585,135.054,68.4993,29.0967,12.2878,5.83421,2.25441,1.00333,0.421153
1.382,0.148642,0.0619342,0.123868,0.0990948,0.161029,0.173416,0.19819,0.0990948,0.111482,0.0867079,0.0743211,0.0619342,0.148642,0.0743211,0.0371605,0.0371605,0,0,0,0,13.2168,52.6069,85.8285,82.7442,79.8456,74.6803,43.5398,18.0724,7.65507,3.04716,1.35017,0.4707,1.82087,38.3373,79.3006,110.565,103.542,96.0848,89.6932,45.4721,19.596,8.101,3.59219,1.64745,0.631729,0.334445
1.486,0.136255,0.0867079,0.148642,0.0990948,0.111482,0.210576,0.111482,0.0495474,0.0495474,0.0990948,0.0619342,0.123868,0.148642,0.0619342,0.0743211,0.0123868,0.0123868,0,0,0.0247737,7.27108,31.5493,53.0776,48.2716,47.1567,45.2368,26.9538,10.4669,4.50881,1.83325,1.06527,0.334445,1.32539,23.8695,49.8323,67.6322,63.5074,58.4535,54.403,27.9571,11.6313,4.8061,2.19247,0.879466,0.297284,0.19819
1.596,0.0990948,0.0619342,0.0990948,0.0743211,0.0495474,0.111482,0.111482,0.0619342,0.0619342,0.0495474,0.0743211,0.0743211,0.123868,0.0619342,0.0371605,0,0.0371605,0,0.0123868,0,4.2363,16.4497,28.304,27.4369,26.5202,24.848,13.8857,5.69795,2.26679,1.00333,0.322058,0.148642,0.767985,13.2415,27.0405,37.3092,35.1291,31.8342,30.3602,14.4802,5.75988,2.44021,0.854693,0.557408,0.19819,0.148642
1.715,0.0990948,0.0247737,0.0247737,0.0990948,0.123868,0.111482,0.0619342,0.0495474,0.0495474,0.0743211,0.0371605,0.0371605,0.0619342,0.0990948,0.0371605,0.0123868,0.0123868,0,0,0.0123868,2.70033,11.0367,18.7413,17.9733,16.5984,15.9914,9.31491,3.67889,1.54836,0.483087,0.322058,0.136255,0.359219,9.24059,18.3945,24.6746,23.2625,20.7727,18.6546,8.94331,3.7656,1.72177,0.681277,0.297284,0.136255,0.148642
1.843,0.0743211,0.0990948,0.0743211,0.0867079,0.0371605,0.0619342,0.0990948,0.0990948,0,0.0123868,0.0619342,0.0247737,0.0371605,0.0619342,0.0247737,0.0123868,0,0,0,0,1.65984,6.96141,12.6346,11.7799,11.111,10.0333,5.57408,2.19247,0.805145,0.396379,0.123868,0.148642,0.346832,5.48737,11.3959,16.6108,14.9757,13.8361,11.656,6.1191,2.31634,0.990948,0.445927,0.19819,0.0495474,0.111482
1.981,0.0123868,0.0495474,0.0247737,0.0619342,0.0495474,0.0247737,0.0619342,0.0123868,0.0495474,0.0123868,0.0743211,0.0495474,0.0867079,0.0743211,0.0123868,0.0123868,0,0.0123868,0,0,1.05288,3.91424,7.27108,7.17199,6.57742,6.02001,3.2949,1.28823,0.545021,0.210576,0.0867079,0.0495474,0.210576,3.30729,6.62696,9.33968,8.76989,8.11339,7.5312,3.394,1.25107,0.421153,0.247737,0,0.0123868,0.0371605
2.129,0.0247737,0.0247737,0.0123868,0.0371605,0.0371605,0.0495474,0.0247737,0.0247737,0.0247737,0.0123868,0.0371605,0.0247737,0.0990948,0.0495474,0.0123868,0,0,0,0,0,0.458313,2.34111,4.29824,3.90186,3.46832,3.2949,1.94474,0.792758,0.19819,0.148642,0.0123868,0.0123868,0.185803,1.89519,3.91424,5.77227,4.48404,4.43449,4.26108,1.82087,0.582182,0.173416,0.111482,0.0371605,0.0123868,0.0867079
2.288,0.0371605,0.0371605,0.0619342,0.0495474,0.0619342,0.0619342,0.0247737,0.0123868,0.0247737,0,0.0619342,0.0371605,0.0495474,0.0619342,0.0123868,0.0123868,0,0,0,0,0.272511,1.17675,2.20486,2.0686,2.11815,1.79609,1.0405,0.334445,0.173416,0.123868,0,0.0371605,0.0247737,0.70605,2.03144,2.56408,2.86136,2.22963,1.79609,0.941401,0.210576,0.0990948,0.0247737,0.0123868,0.0123868,0.0247737
2.458,0.0247737,0.0495474,0.0123868,0.0495474,0.0371605,0.0247737,0.0247737,0.0371605,0.0371605,0,0.0495474,0.0247737,0.0619342,0.0495474,0.0371605,0.0123868,0,0,0,0,0.0990948,0.817532,1.35017,1.17675,1.1272,1.05288,0.582182,0.272511,0.0619342,0.0495474,0.0371605,0.0371605,0.0743211,0.334445,1.17675,1.64745,1.4121,1.1272,1.01572,0.681277,0.123868,0.0247737,0.0123868,0.0123868,0,0.0247737
2.642,0.0247737,0.0371605,0.0371605,0.0371605,0.0619342,0.0619342,0.0247737,0,0.0123868,0,0.0495474,0.0123868,0.0123868,0.0123868,0.0123868,0,0,0.0123868,0,0,0.0371605,0.396379,0.780371,0.929014,0.867079,0.606956,0.408766,0.0990948,0.0619342,0.0371605,0,0.0247737,0.0247737,0.272511,0.582182,0.929014,0.879466,0.743211,0.681277,0.284898,0.0867079,0.0123868,0,0,0,0.0495474
2.839,0.0123868,0,0.0123868,0.0247737,0.0743211,0.0247737,0.0371605,0.0371605,0.0123868,0,0.0123868,0.0123868,0.0123868,0.0247737,0,0,0.0123868,0,0,0.0123868,0.0247737,0.383992,0.4707,0.545021,0.532635,0.396379,0.19819,0.0867079,0.0867079,0.0123868,0.0123868,0.0247737,0.0247737,0.19819,0.334445,0.656503,0.557408,0.396379,0.681277,0.161029,0.0619342,0.0743211,0,0,0.0123868,0.0247737
3.051,0.0123868,0,0.0123868,0,0.0247737,0,0.0123868,0.0123868,0,0,0.0123868,0.0123868,0.0371605,0.0123868,0.0247737,0,0,0,0,0,0.0619342,0.222963,0.322058,0.359219,0.383992,0.371605,0.0990948,0.161029,0.0247737,0.0247737,0.0123868,0,0.0247737,0.0743211,0.161029,0.445927,0.334445,0.284898,0.284898,0.136255,0.0495474,0.0247737,0,0.0123868,0.0371605,0.0495474
3.278,0.0247737,0.0247737,0.0495474,0.0247737,0.0371605,0.0371605,0,0,0.0247737,0,0,0.0247737,0,0.0247737,0,0.0247737,0,0,0,0,0.0371605,0.123868,0.210576,0.247737,0.136255,0.346832,0.111482,0.0619342,0.0123868,0.0123868,0,0,0.0123868,0.136255,0.260124,0.346832,0.260124,0.247737,0.322058,0.136255,0.0371605,0.0247737,0,0,0,0
3.523,0.0247737,0.0123868,0,0.0247737,0.0247737,0.0123868,0.0123868,0.0247737,0.0123868,0.0123868,0,0.0123868,0.0123868,0.0123868,0,0,0.0123868,0,0,0,0.0247737,0.161029,0.173416,0.309671,0.222963,0.260124,0.0867079,0.123868,0.0371605,0.0123868,0.0123868,0.0123868,0.0123868,0.111482,0.161029,0.136255,0.19819,0.23535,0.23535,0.0990948,0.0123868,0.0371605,0.0123868,0,0,0.0123868
3.786,0.0247737,0,0,0.0371605,0.0247737,0.0247737,0.0123868,0.0371605,0.0123868,0,0.0123868,0,0,0,0,0,0,0,0,0,0.0371605,0.123868,0.23535,0.247737,0.272511,0.185803,0.210576,0.0371605,0.0247737,0.0247737,0,0,0,0.0743211,0.19819,0.272511,0.247737,0.247737,0.148642,0.0990948,0.0495474,0.0247737,0.0123868,0,0.0123868,0
4.068,0.0123868,0.0123868,0,0.0371605,0.0247737,0,0.0123868,0.0123868,0.0247737,0,0,0,0,0,0,0.0123868,0,0,0,0,0.0247737,0.0743211,0.19819,0.359219,0.272511,0.260124,0.123868,0.0247737,0.0247737,0.0247737,0,0.0247737,0,0.0495474,0.136255,0.247737,0.210576,0.0743211,0.222963,0.0495474,0.0619342,0,0,0,0.0123868,0.0495474
4.371,0,0.0123868,0,0,0.0123868,0,0.0247737,0,0,0,0,0.0247737,0,0,0,0,0,0,0,0,0.0247737,0.0867079,0.210576,0.23535,0.173416,0.111482,0.173416,0.0619342,0,0.0123868,0,0.0123868,0.0123868,0.19819,0.173416,0.222963,0.19819,0.173416,0.136255,0.0743211,0.0495474,0.0123868,0,0,0.0123868,0.0247737
4.698,0.0123868,0,0.0123868,0.0123868,0.0247737,0,0.0247737,0.0123868,0,0.0123868,0,0.0123868,0,0.0123868,0,0,0,0,0,0,0.0619342,0.0371605,0.185803,0.247737,0.161029,0.210576,0.0743211,0.0371605,0,0.0123868,0,0,0,0.0371605,0.0743211,0.19819,0.247737,0.111482,0.210576,0.0990948,0.0371605,0.0123868,0.0123868,0,0,0.0247737
5.048,0,0.0123868,0,0,0.0123868,0,0,0.0247737,0,0,0,0,0.0123868,0,0,0,0,0,0,0,0.0123868,0.111482,0.222963,0.136255,0.0990948,0.185803,0.111482,0.0371605,0.0247737,0,0,0,0,0.0247737,0.136255,0.173416,0.0867079,0.148642,0.136255,0.0990948,0.0247737,0.0495474,0,0.0123868,0.0123868,0.0123868
5.425,0,0,0,0.0123868,0.0123868,0,0,0.0123868,0,0,0,0,0,0,0,0,0,0,0,0,0.0247737,0.0867079,0.136255,0.136255,0.0990948,0.210576,0.0619342,0.0371605,0,0,0,0.0247737,0,0.0123868,0.123868,0.185803,0.148642,0.161029,0.136255,0.0371605,0.0495474,0.0247737,0,0,0,0.0123868
5.829,0.0123868,0,0,0.0123868,0,0,0,0,0.0247737,0,0.0123868,0,0,0.0123868,0,0,0,0,0,0,0.0247737,0.0743211,0.123868,0.185803,0.0990948,0.0743211,0.0867079,0.0371605,0,0,0,0,0,0.0247737,0.0371605,0.161029,0.111482,0.111482,0.161029,0.0495474,0.0247737,0.0123868,0,0.0123868,0.0123868,0.0247737
6.264,0,0.0123868,0,0,0.0371605,0.0123868,0,0,0,0,0.0123868,0,0,0.0123868,0,0,0,0,0,0,0.0371605,0.0619342,0.123868,0.185803,0.0867079,0.0743211,0.0619342,0.0247737,0.0123868,0,0,0,0,0.0371605,0.0867079,0.111482,0.136255,0.185803,0.0867079,0.0743211,0.0247737,0.0247737,0,0,0,0.0123868
6.732,0,0.0247737,0,0.0247737,0,0.0123868,0,0.0123868,0,0,0.0123868,0,0,0,0,0,0,0,0,0,0,0.0867079,0.148642,0.0743211,0.0619342,0.0867079,0.0371605,0.0743211,0.0247737,0,0,0,0,0.0371605,0.0495474,0.111482,0.148642,0.0619342,0.0495474,0.0619342,0.0495474,0,0,0,0,0.0123868
7.234,0,0.0123868,0,0,0,0,0,0,0,0.0123868,0,0,0,0,0,0,0,0,0,0,0.0495474,0.0867079,0.0990948,0.0619342,0.0619342,0.161029,0.0619342,0.0247737,0,0,0,0,0,0.0247737,0.0743211,0.0619342,0.0743211,0.111482,0.148642,0.0371605,0.0247737,0.0123868,0,0,0,0
7.774,0,0,0,0,0,0,0,0,0,0,0,0,0.0123868,0,0,0,0,0,0,0,0.0247737,0.0743211,0.0743211,0.0123868,0.0743211,0.0247737,0.0371605,0.0371605,0.0371605,0,0,0,0.0123868,0.0990948,0.0743211,0.0495474,0.0990948,0.0619342,0.0247737,0.0619342,0.0247737,0.0123868,0.0123868,0,0,0.0123868
8.354,0,0,0.0123868,0,0,0,0,0,0,0,0,0,0,0,0,0,0,0,0,0,0.0495474,0.0371605,0.111482,0.0371605,0.0743211,0.0743211,0.0371605,0.0495474,0.0123868,0,0,0,0,0.0371605,0.0619342,0.0619342,0.0743211,0.0619342,0.0619342,0.0495474,0.0247737,0,0,0,0,0
8.977,0,0,0,0.0123868,0,0,0,0,0,0,0,0,0,0,0,0,0,0,0,0,0.0123868,0.0247737,0.0495474,0.0990948,0.0743211,0.0495474,0.0371605,0.0123868,0.0123868,0,0,0,0,0,0.0619342,0.0247737,0.0123868,0.0619342,0.0247737,0.0247737,0.0371605,0.0123868,0,0,0,0
9.647,0,0,0,0,0.0123868,0,0,0,0,0,0,0,0,0.0123868,0,0,0,0,0,0,0.0247737,0.0743211,0.0743211,0.0619342,0.0123868,0.0495474,0.0123868,0.0247737,0.0123868,0,0,0,0,0.0247737,0.0619342,0.0371605,0.0619342,0.0495474,0.0867079,0,0.0371605,0,0,0,0,0
10.37,0,0,0,0.0123868,0,0,0.0123868,0,0,0,0,0,0,0,0,0,0,0,0,0,0,0.0371605,0.0371605,0.0867079,0.0371605,0.0371605,0.0371605,0.0123868,0,0,0,0,0,0.0247737,0.0247737,0.0371605,0.0371605,0.0619342,0.0990948,0.0371605,0.0247737,0,0,0,0,0
11.14,0,0,0,0.0123868,0,0,0,0,0,0,0,0,0,0,0,0,0,0,0,0,0,0.0371605,0.0371605,0.0123868,0.0371605,0.0371605,0.0371605,0.0247737,0,0,0,0,0,0.0123868,0.0247737,0.0247737,0.0247737,0.0495474,0.0123868,0,0.0123868,0,0,0,0,0
11.97,0,0,0,0,0,0,0,0,0,0,0,0,0,0,0,0,0,0,0,0,0,0.0371605,0.0619342,0.0495474,0.0123868,0.0371605,0.0123868,0.0123868,0.0123868,0,0,0,0,0.0123868,0.0247737,0.0247737,0.0371605,0.0123868,0.0371605,0,0,0,0.0123868,0,0,0
12.86,0,0,0,0,0,0,0,0,0,0,0,0,0,0,0,0,0,0,0,0,0,0.0123868,0.0247737,0.0247737,0.0247737,0.0247737,0.0247737,0,0,0,0.0123868,0,0,0.0247737,0.0247737,0.0619342,0.0247737,0.0123868,0.0123868,0,0.0247737,0,0,0,0,0
13.82,0,0,0,0,0,0,0,0,0,0.0123868,0,0,0,0,0,0,0,0,0,0,0,0.0123868,0.0247737,0.0123868,0.0123868,0.0247737,0.0247737,0,0,0,0.0123868,0,0,0.0123868,0.0123868,0.0123868,0.0123868,0.0123868,0.0123868,0.0247737,0.0123868,0,0,0,0,0
14.86,0,0,0,0,0,0,0,0,0,0,0,0,0,0,0,0,0,0,0,0,0,0.0123868,0,0.0247737,0.0371605,0,0,0,0.0123868,0,0,0,0.0123868,0.0123868,0.0123868,0.0123868,0,0.0247737,0.0123868,0,0,0.0247737,0,0,0,0
15.96,0,0,0,0,0,0,0,0,0,0,0,0,0,0,0,0,0,0,0,0,0,0.0123868,0.0123868,0.0123868,0.0123868,0.0123868,0.0371605,0,0,0,0,0,0,0,0.0123868,0,0,0.0247737,0,0,0,0,0,0,0,0
17.15,0,0,0,0,0,0,0,0,0,0,0,0,0,0,0,0,0,0,0,0,0,0,0,0,0,0,0.0123868,0,0,0,0,0,0,0.0123868,0,0,0,0,0.0123868,0,0.0123868,0.0123868,0,0,0,0
18.43,0,0,0,0,0,0,0,0,0,0,0,0,0,0,0,0,0,0,0,0,0,0,0.0123868,0,0.0123868,0,0,0.0123868,0,0,0,0,0,0,0,0,0,0,0,0.0123868,0,0,0,0,0,0
19.81,0,0,0,0,0,0,0,0,0,0,0,0,0,0,0,0,0,0,0,0,0,0,0.0247737,0.0123868,0,0,0.0123868,0,0,0,0,0,0,0,0.0123868,0.0123868,0.0123868,0,0.0123868,0,0,0,0.0123868,0,0,0
Event 1,642,546,542,511,561,505,548,501,520,527,503,524,549,367,158,80,37,33,23,19,119093,452624,721324,725433,699544,677502,427989,192026,87364,38209,17614,7979,13475,272605,582343,793119,776585,754228,720073,396565,179784,81132,37234,17383,8185,3826
Event 3,0,1,0,1,0,1,0,0,0,0,0,0,0,0,0,0,0,0,0,0,3557,32797,81340,81434,75494,69483,27478,5316,1000,154,33,11,132,12223,53254,97974,92977,86010,77911,23218,4532,924,180,40,11,1
Event 4,0,0,0,0,0,0,0,0,1,1,0,0,0,0,0,0,0,0,0,0,24,69,112,127,118,91,60,31,10,4,2,4,1,33,77,102,114,94,90,54,24,11,4,0,3,0
Dead Time,5,4,4,4,4,4,3,3,3,3,3,3,3,2,1,0,0,0,0,0,1240,4834,7764,7758,7446,7169,4418,1926,851,364,164,73,136,2890,6231,8528,8299,7998,7581,4062,1778,791,353,160,73,34
Inlet Pressure,826.7,826.1,827.6,827.3,826.4,827,827.3,826.4,827,825.8,827.3,826.4,826.7,826.7,826.1,825.8,825.5,825.5,826.1,826.4,825.8,824.4,825.2,825.8,825.5,825.8,825,825.2,824.4,825.8,825,826.4,826.7,825.5,824.7,825.5,824.4,824.4,824.7,825.2,824.1,825.2,824.7,824.4,825,824.7
Total Flow,4.96,4.97,4.97,4.97,4.97,4.97,4.96,4.97,4.97,4.96,4.96,4.96,4.97,4.97,4.97,4.96,4.97,4.97,4.97,4.97,4.97,4.96,4.97,4.97,4.97,4.97,4.97,4.97,4.96,4.97,4.97,4.96,4.96,4.97,4.96,4.97,4.97,4.96,4.97,4.97,4.97,4.97,4.96,4.97,4.97,4.97
Sheath Flow,3.94,3.98,4.01,3.96,3.99,3.99,3.97,3.98,3.96,3.99,3.98,3.96,3.97,4.01,3.98,3.99,4,3.98,3.99,3.99,3.98,3.99,3.98,3.98,3.99,3.98,3.98,3.96,3.98,3.98,4,3.98,3.99,3.98,3.97,3.97,3.97,3.98,3.98,3.99,3.98,3.98,3.95,4.01,3.98,3.99
Analog Input Voltage 0,0,0,0,0,0,0,0,0,0,0,0,0,0,0,0,0,0,0,0,0,0,0,0,0,0,0,0,0,0,0,0,0,0,0,0,0,0,0,0,0,0,0,0,0,0,0
Analog Input Voltage 1,0,0,0,0,0,0,0,0,0,0,0,0,0,0,0,0,0,0,0,0,0,0,0,0,0,0,0,0,0,0,0,0,0,0,0,0,0,0,0,0,0,0,0,0,0,0
Digital Input Level 0,0,0,0,0,0,0,0,0,0,0,0,0,0,0,0,0,0,0,0,0,0,0,0,0,0,0,0,0,0,0,0,0,0,0,0,0,0,0,0,0,0,0,0,0,0,0
Digital Input Level 1,0,0,0,0,0,0,0,0,0,0,0,0,0,0,0,0,0,0,0,0,0,0,0,0,0,0,0,0,0,0,0,0,0,0,0,0,0,0,0,0,0,0,0,0,0,0
Digital Input Level 2,0,0,0,0,0,0,0,0,0,0,0,0,0,0,0,0,0,0,0,0,0,0,0,0,0,0,0,0,0,0,0,0,0,0,0,0,0,0,0,0,0,0,0,0,0,0
Laser Power,75,75,75,75,75,75,75,75,75,75,75,75,75,75,75,75,75,75,75,75,75,75,75,75,75,75,75,75,75,75,75,75,75,75,75,75,75,75,75,75,75,75,75,75,75,75
Laser Current,41.6,41.6,41.6,41.5,41.5,41.5,41.5,41.5,41.5,41.5,41.5,41.5,41.5,41.5,41.5,41.5,41.5,41.5,41.6,41.6,41.6,41.6,41.6,41.6,41.6,41.6,41.6,41.6,41.6,41.6,41.6,41.6,41.7,41.7,41.7,41.7,41.7,41.7,41.7,41.7,41.7,41.7,41.7,41.8,41.8,41.8
Sheath Pump Voltage,2.585,2.58,2.616,2.597,2.587,2.582,2.597,2.597,2.597,2.582,2.605,2.594,2.595,2.594,2.584,2.596,2.58,2.581,2.598,2.59,2.582,2.574,2.582,2.583,2.586,2.583,2.578,2.587,2.579,2.59,2.584,2.592,2.6,2.58,2.575,2.589,2.595,2.587,2.577,2.586,2.582,2.611,2.591,2.597,2.583,2.576
Total Pump Voltage,3.119,3.124,3.115,3.116,3.124,3.116,3.119,3.121,3.119,3.121,3.117,3.118,3.116,3.116,3.12,3.121,3.122,3.122,3.119,3.114,3.12,3.127,3.123,3.12,3.121,3.119,3.123,3.12,3.124,3.114,3.118,3.114,3.116,3.12,3.123,3.118,3.122,3.123,3.113,3.116,3.123,3.113,3.119,3.116,3.107,3.108
Box Temperature,28.6,28.6,28.6,28.5,28.8,28.5,28.5,28.5,28.5,28.5,28.5,28.6,28.1,28.8,29,29.1,29.2,29.5,29.5,29.6,30,29.7,29.7,29.7,30,30,29.9,30,30,30,29.9,29.9,30.3,30.3,30.2,30.3,30.3,30.5,30.3,30.2,30.3,30.3,30.3,30.2,30.5,30.6
Avalanch Photo Diode Temperature,26.1,25.6,25.6,25.6,25.6,25.6,25.6,25.6,25.6,25.6,25.6,25.6,25.6,25.6,25.6,25.6,25.6,26.1,26.1,26.1,26.1,26.1,26.1,26.1,26.1,26.1,26.1,26.6,26.6,26.6,26.6,26.6,26.6,26.6,26.6,26.6,26.6,26.6,26.6,26.6,26.6,27,27,27,27,27
Avalanch Photo Diode Voltage,230,229,229,229,229,229,229,229,229,229,229,229,229,229,229,229,229,230,230,230,230,230,230,230,230,230,230,230,230,230,230,230,230,230,230,230,230,230,230,230,230,230,230,230,230,230
Status Flags,0000 0000 0000 0000,0000 0000 0000 0000,0000 0000 0000 0000,0000 0000 0000 0000,0000 0000 0000 0000,0000 0000 0000 0000,0000 0000 0000 0000,0000 0000 0000 0000,0000 0000 0000 0000,0000 0000 0000 0000,0000 0000 0000 0000,0000 0000 0000 0000,0000 0000 0000 0000,0000 0000 0000 0000,0000 0000 0000 0000,0000 0000 0000 0000,0000 0000 0000 0000,0000 0000 0000 0000,0000 0000 0000 0000,0000 0000 0000 0000,0000 0000 0000 0000,0000 0000 0000 0000,0000 0000 0000 0000,0000 0000 0000 0000,0000 0000 0000 0000,0000 0000 0000 0000,0000 0000 0000 0000,0000 0000 0000 0000,0000 0000 0000 0000,0000 0000 0000 0000,0000 0000 0000 0000,0000 0000 0000 0000,0000 0000 0000 0000,0000 0000 0000 0000,0000 0000 0000 0000,0000 0000 0000 0000,0000 0000 0000 0000,0000 0000 0000 0000,0000 0000 0000 0000,0000 0000 0000 0000,0000 0000 0000 0000,0000 0000 0000 0000,0000 0000 0000 0000,0000 0000 0000 0000,0000 0000 0000 0000,0000 0000 0000 0000
Median(µm),0.738498,0.739747,0.745533,0.735402,0.796315,0.78397,0.793243,0.757916,0.744368,0.735351,0.752779,0.753088,0.78509,0.820688,0.806364,0.75038,0.821404,0.806364,0.942753,0.75038,0.668272,0.669783,0.670535,0.669648,0.669401,0.668594,0.667194,0.663948,0.661151,0.659501,0.656221,0.656285,0.67773,0.676864,0.676769,0.676432,0.675906,0.674856,0.673894,0.671169,0.668754,0.665811,0.663135,0.661287,0.654522,0.65872
Mean(µm),0.904462,0.942889,0.922218,1.0818,1.10569,0.982962,1.00831,0.997394,0.930798,0.910522,0.964444,0.937805,0.986347,1.06283,0.995441,1.02538,1.01838,1.03416,0.914019,1.12817,0.726429,0.728686,0.730377,0.729027,0.728339,0.727312,0.725059,0.721241,0.71715,0.71454,0.711801,0.713053,0.742511,0.738911,0.738,0.738042,0.736776,0.734933,0.733719,0.730002,0.726694,0.722746,0.719962,0.71603,0.711213,0.740885
Geo. Mean(µm),0.815565,0.827666,0.829738,0.883591,0.92781,0.875207,0.884561,0.863137,0.827482,0.805751,0.850648,0.847407,0.8772,0.916276,0.898666,0.891062,0.901386,0.908518,0.868364,0.988079,0.704684,0.706499,0.707766,0.706649,0.706278,0.705369,0.703493,0.700197,0.696923,0.695091,0.692096,0.692335,0.717249,0.714872,0.714308,0.714297,0.713377,0.7119,0.710875,0.707827,0.704888,0.701571,0.699376,0.696392,0.69118,0.705932
Mode(µm),0.542469,0.542469,0.542469,0.582942,0.542469,0.542469,0.542469,0.582942,0.542469,0.542469,0.67317,0.723394,0.542469,0.542469,0.542469,0.542469,0.582942,0.582942,0.964662,0.626434,0.542469,0.542469,0.542469,0.542469,0.542469,0.542469,0.542469,0.542469,0.542469,0.542469,0.542469,0.542469,0.582942,0.542469,0.542469,0.542469,0.542469,0.542469,0.542469,0.542469,0.542469,0.542469,0.542469,0.542469,0.542469,0.542469
Geo. Std. Dev.,1.49715,1.541,1.50264,1.70059,1.67467,1.54546,1.56897,1.59413,1.53042,1.48642,1.55277,1.49897,1.55555,1.61699,1.52811,1.61663,1.56599,1.60271,1.3738,1.63389,1.26378,1.2663,1.26852,1.26732,1.26581,1.26501,1.26253,1.25916,1.25469,1.25126,1.24991,1.2552,1.28136,1.27672,1.27504,1.27546,1.27353,1.27143,1.27027,1.26687,1.26357,1.25998,1.25658,1.25271,1.25236,1.31213
Total Conc.(#/cm³),0.714179,0.615472,0.573279,0.547731,0.579472,0.558957,0.561666,0.505925,0.526054,0.496635,0.514054,0.532635,0.557021,0.395605,0.176513,0.0901917,0.0379347,0.025935,0.0189674,0.0185803,164.843,628.817,994.457,995.2,957.288,924.681,579.442,257.393,115.245,49.6357,22.6234,10.0906,18.5532,380.095,805.069,1088.85,1062.05,1026.95,976.518,534.543,238.524,107.003,48.2251,22.0246,10.1874,4.75074
