Sample File,C:\Users\VanceLab\Desktop\VL_CU_APS_OPS_SMPS_PA_20220622\VL_CU_SMPS_Collocation_20220622.S82,
AIM Version,10.3.1.0
Classifier Model,3082       ,Classifier S/N,3082021905001   ,Classifier Firmware Version,2.60
Neutralizer Model,3088,Neutralizer S/N,3088011906004
Impactor (cm),0.071,Impactor S/N,7100764
DMA Model,3081,DMA S/N,3081A1903007
DMA Inner Radius (cm),0.937
DMA Outer Radius (cm),1.961
DMA Characteristic Length (cm),44.369
HV Polarity,NEG,
Detector Model,3750,Detector S/N,3750190603,Nano Enhancer , None
Detector Sample Flow (L/min),1.00,Detector Inlet Flow (L/min),1.00
Reference Gas Viscosity (Pa*s),1.832450e-005
Reference Mean Free Path (m),6.730000e-008
Reference Gas Temperature (K),296.15
Reference Gas Pressure (kPa),101.30
Sutherland Constant (K),110.40
Tube Length (cm),25.40
Tube Diameter (cm),0.48
Channels/Decade,64
Multiple Charge Correction,TRUE
Nanoparticle Agglomerate Mobility Analysis,FALSE
Diffusion Correction,TRUE
Units,dw/dlogDp
Weight,Number
Sample #,1,2,3,4,5,6,7,8,9,10,11,12,13,14,15,16,17,18,19,20,21,22,23,24,25,26,27,28,29,30,31,32,33,34,35,36,37,38,39,40,41,42,43,44,45,46
Date,6/22/2022,6/22/2022,6/22/2022,6/22/2022,6/22/2022,6/22/2022,6/22/2022,6/22/2022,6/22/2022,6/22/2022,6/22/2022,6/22/2022,6/22/2022,6/22/2022,6/22/2022,6/22/2022,6/22/2022,6/22/2022,6/22/2022,6/22/2022,6/22/2022,6/22/2022,6/22/2022,6/22/2022,6/22/2022,6/22/2022,6/22/2022,6/22/2022,6/22/2022,6/22/2022,6/22/2022,6/22/2022,6/22/2022,6/22/2022,6/22/2022,6/22/2022,6/22/2022,6/22/2022,6/22/2022,6/22/2022,6/22/2022,6/22/2022,6/22/2022,6/22/2022,6/22/2022,6/22/2022
Start Time,13:25:00,13:28:00,13:31:00,13:34:00,13:37:00,13:40:00,13:43:00,13:46:01,13:49:01,13:52:00,13:55:00,13:58:00,14:01:00,14:04:00,14:07:00,14:10:00,14:13:00,14:16:00,14:19:00,14:22:00,14:25:00,14:28:00,14:31:00,14:34:00,14:37:00,14:40:00,14:43:00,14:46:00,14:49:00,14:52:00,14:55:00,14:58:00,15:01:00,15:04:00,15:07:00,15:10:00,15:13:00,15:16:00,15:19:00,15:22:00,15:25:00,15:28:00,15:31:00,15:34:00,15:37:00,15:40:00
Sample Temp (C),21.9,21.9,21.9,21.9,21.9,21.9,21.9,21.9,21.9,21.9,21.9,21.9,21.9,22.0,22.1,22.2,22.3,22.4,22.5,22.6,22.7,22.8,22.8,22.9,22.9,23.0,23.0,23.1,23.1,23.2,23.2,23.3,23.3,23.4,23.4,23.4,23.4,23.5,23.5,23.5,23.6,23.6,23.6,23.6,23.7,23.7
Sample Pressure (kPa),81.8,81.8,81.8,81.8,81.8,81.8,81.8,81.8,81.8,81.8,81.8,81.8,81.8,81.8,81.8,81.8,81.8,81.8,81.8,81.8,81.8,81.7,81.7,81.8,81.8,81.8,81.7,81.8,81.8,81.7,81.7,81.7,81.7,81.7,81.7,81.7,81.7,81.7,81.7,81.7,81.7,81.7,81.7,81.7,81.7,81.7
Relative Humidity (%),39.8,39.8,39.8,39.8,39.7,39.7,39.7,39.6,39.5,39.4,39.3,39.2,39.2,39.2,39.2,39.1,39.0,38.9,38.8,38.6,38.5,38.3,38.1,37.9,37.8,37.6,37.5,37.3,37.1,37.0,36.9,36.7,36.6,36.4,36.3,36.2,36.1,36.0,35.9,35.8,35.7,35.6,35.6,35.5,35.4,35.4
Mean Free Path (m),8.29499e-008,8.29499e-008,8.29499e-008,8.29499e-008,8.29499e-008,8.29499e-008,8.29499e-008,8.29499e-008,8.29499e-008,8.29499e-008,8.29499e-008,8.29499e-008,8.29499e-008,8.29856e-008,8.30214e-008,8.30572e-008,8.30929e-008,8.31287e-008,8.31645e-008,8.32003e-008,8.32361e-008,8.33738e-008,8.33738e-008,8.33076e-008,8.33076e-008,8.33434e-008,8.34454e-008,8.33792e-008,8.33792e-008,8.35171e-008,8.35171e-008,8.35529e-008,8.35529e-008,8.35887e-008,8.35887e-008,8.35887e-008,8.35887e-008,8.36246e-008,8.36246e-008,8.36246e-008,8.36604e-008,8.36604e-008,8.36604e-008,8.36604e-008,8.36962e-008,8.36962e-008
Gas Viscosity (Pa*s),1.82719e-005,1.82719e-005,1.82719e-005,1.82719e-005,1.82719e-005,1.82719e-005,1.82719e-005,1.82719e-005,1.82719e-005,1.82719e-005,1.82719e-005,1.82719e-005,1.82719e-005,1.82767e-005,1.82815e-005,1.82863e-005,1.82911e-005,1.82958e-005,1.83006e-005,1.83054e-005,1.83102e-005,1.83149e-005,1.83149e-005,1.83197e-005,1.83197e-005,1.83245e-005,1.83245e-005,1.83293e-005,1.83293e-005,1.83340e-005,1.83340e-005,1.83388e-005,1.83388e-005,1.83436e-005,1.83436e-005,1.83436e-005,1.83436e-005,1.83484e-005,1.83484e-005,1.83484e-005,1.83531e-005,1.83531e-005,1.83531e-005,1.83531e-005,1.83579e-005,1.83579e-005
Diameter Midpoint (nm)
 15.7,95.768,95.768,95.768,172.383,172.383,57.461,134.076,76.615,76.615,153.229,25.484,153.228,172.382,0.000,57.331,57.507,19.121,0.000,19.131,0.000,0.000,33271.620,53663.645,53587.654,41176.215,31596.516,23644.813,9185.205,3983.556,1583.028,401.118,438.782,171.698,15121.045,46280.284,63788.322,56889.421,39586.896,31123.831,19113.577,7652.202,3183.580,1640.002,623.785,355.181,189.913
 16.3,53.399,124.598,71.199,142.398,88.999,106.798,106.798,106.798,88.999,106.798,47.516,150.954,177.997,0.000,71.038,0.000,0.000,17.773,0.000,0.000,0.000,33042.648,57201.199,55833.575,44684.923,33144.072,22624.172,9582.645,4452.269,1865.526,730.695,389.994,141.816,15451.786,45125.183,64703.184,57955.519,42792.456,32336.235,19692.315,8021.478,3557.446,1311.107,778.846,287.606,211.763
 16.8,125.598,66.276,99.414,132.552,149.121,149.120,158.736,99.414,165.690,158.736,165.690,108.018,191.874,16.573,99.190,49.743,16.540,0.000,0.000,0.000,0.000,37025.935,58071.743,60167.392,45205.344,33920.221,25098.318,9917.728,4021.248,2047.134,770.994,398.784,148.495,15060.067,44942.260,67994.940,59949.467,44628.388,33753.869,22168.554,8411.501,3757.435,1959.798,607.244,312.079,114.977
 17.5,47.168,123.840,92.880,139.320,170.280,92.880,145.817,123.840,77.400,223.216,216.720,123.839,186.488,61.934,46.335,15.491,0.000,0.000,15.460,15.463,0.000,36763.501,60282.008,61122.771,46819.704,34328.764,25666.532,10724.190,4930.159,1923.480,911.910,508.549,200.377,15141.078,47340.878,71552.686,63416.627,46080.433,36032.376,21936.263,8760.296,3936.700,1922.639,612.312,382.101,138.097
 18.1,106.922,145.026,87.015,188.533,174.031,145.026,174.030,197.522,203.036,130.523,72.512,174.033,150.430,29.012,43.410,14.512,0.000,0.000,0.000,0.000,0.000,36045.872,64192.824,63401.304,48658.795,36536.259,27130.987,10569.536,5057.699,2256.388,1009.687,358.627,259.902,16654.731,51716.985,71698.840,65270.762,48927.977,37599.296,23997.249,10046.474,4233.932,2144.259,791.937,432.632,300.114
 18.8,149.822,122.584,108.962,231.549,136.202,163.443,198.248,168.621,122.582,225.489,122.582,163.443,149.822,27.246,196.204,40.887,40.786,40.795,0.000,13.604,0.000,38478.223,68366.240,68321.031,51752.983,39775.838,30306.989,12376.378,5164.816,2474.662,1272.859,447.459,230.510,16273.204,53270.966,74619.340,69631.442,51631.061,40414.217,24219.281,10909.813,4302.635,2014.366,850.236,266.601,285.106
 19.5,192.359,115.414,179.533,141.062,205.181,230.828,185.234,179.533,179.533,113.832,153.885,320.595,141.062,25.653,109.554,12.832,38.401,12.803,12.806,0.000,0.000,40130.415,69939.462,72633.570,54847.764,43482.712,30722.056,13076.452,5297.048,2690.831,1210.224,472.318,191.480,17424.241,56140.733,77894.384,73418.418,54726.971,43010.051,27635.006,11175.426,4932.420,2220.526,965.653,397.127,337.578
 20.2,184.133,169.070,229.452,229.451,156.993,265.681,181.148,96.611,193.223,260.463,169.070,244.515,220.362,12.079,132.543,48.334,48.216,36.169,0.000,12.061,0.000,42421.722,73974.739,75294.102,57018.079,46272.770,30998.894,13136.363,5960.561,2752.005,1271.139,540.922,343.458,18267.418,56341.902,78656.856,74640.161,59393.399,44138.377,27792.576,12468.644,4870.557,2186.558,1104.840,586.371,220.618
 20.9,151.043,198.177,164.712,245.254,176.784,289.624,187.992,199.641,211.471,199.209,188.628,196.954,230.469,107.829,65.376,55.578,10.999,11.249,0.000,0.000,0.000,41453.247,76245.494,77133.032,60155.987,47777.098,34496.642,13983.968,6362.808,2735.014,1304.367,610.919,279.298,19895.014,55156.583,81591.902,77676.987,59054.340,48065.489,28870.721,12457.020,5413.032,2420.322,1175.169,560.636,330.101
 21.7,272.711,162.511,218.531,154.828,173.885,245.624,185.236,207.263,221.492,293.398,205.672,259.916,258.368,163.952,83.066,62.419,31.226,53.439,10.483,0.000,0.000,43361.207,78444.921,80008.089,61362.755,49057.284,35839.187,14747.251,6757.805,3058.852,1446.734,791.593,441.301,20987.604,57379.224,85301.766,77796.647,63390.467,49845.129,30321.361,12351.890,5929.401,2557.946,1310.375,494.019,446.559
 22.5,316.127,267.059,219.389,298.332,249.952,199.466,209.267,336.209,181.165,214.416,181.177,238.742,168.692,244.728,137.734,48.309,40.627,19.679,0.000,0.000,0.000,42471.916,83709.705,80633.946,66280.935,51703.325,36993.161,14811.450,6932.105,3194.653,1616.170,700.586,391.898,21618.059,58767.772,87580.019,80093.530,64684.172,53696.030,31318.698,13685.541,6213.780,2918.698,1408.951,664.071,437.337
 23.3,244.113,208.005,323.164,239.640,304.298,353.853,324.020,207.383,293.556,314.438,266.586,332.159,349.703,220.649,62.033,64.915,65.285,18.969,9.112,0.000,0.000,44629.809,83666.830,82516.867,67032.897,53783.973,38212.379,15925.772,7206.973,3470.030,1645.228,622.745,327.274,21944.784,63478.596,90404.275,84454.116,67800.903,54151.546,33999.805,14142.336,6617.157,3166.334,1499.536,610.143,362.864
 24.1,191.609,250.806,283.376,263.059,243.833,218.450,385.199,279.834,319.150,457.625,337.082,277.720,233.124,345.767,139.608,69.675,34.973,26.455,8.362,0.000,0.000,47814.656,87952.133,86469.342,70804.357,56515.695,39494.822,16970.033,7701.101,3669.267,1818.049,781.025,421.359,23147.700,64646.861,95755.292,86143.889,69741.024,57720.516,35326.121,15662.486,6897.030,3192.802,1673.988,757.991,401.796
 25.0,284.927,385.859,372.561,260.616,336.123,406.221,376.861,290.855,281.723,346.464,370.987,333.867,296.211,310.804,134.650,111.262,24.999,42.788,0.000,0.000,0.000,49209.945,91340.435,86829.482,74179.906,59802.953,39944.168,17240.582,8668.019,3935.579,1603.241,907.628,466.381,24100.844,67817.816,99274.902,89089.563,74848.497,60766.172,37037.504,15980.547,7132.052,3577.900,1754.326,778.124,416.889
 25.9,462.469,285.476,375.894,291.209,458.366,324.916,278.746,326.999,349.172,292.476,422.950,343.324,382.034,260.127,157.406,43.846,48.046,23.672,24.400,0.000,0.000,50698.985,93676.456,92283.578,76116.381,61974.337,42984.808,18748.115,8498.421,4122.011,1984.730,1026.341,406.611,24046.870,69554.728,103389.732,94491.952,76387.116,64175.644,39148.829,16697.431,7517.456,3520.506,1849.734,900.835,496.673
 26.9,305.535,429.928,492.783,261.842,372.131,483.746,357.033,373.997,341.278,354.895,328.958,333.065,249.021,339.430,183.972,58.189,52.838,22.722,14.981,0.000,0.000,53497.348,93872.895,95512.853,77447.997,63945.992,42577.383,19520.699,9898.509,4249.316,2072.636,1043.155,448.639,23291.504,72110.445,106072.202,97643.830,80400.307,65650.046,40768.899,17384.740,7940.121,4001.029,2028.976,945.644,503.126
 27.9,400.819,362.475,506.358,288.465,476.696,398.044,421.756,397.685,383.000,301.993,338.910,332.283,401.434,416.855,157.936,33.843,57.269,58.412,29.124,6.266,0.000,53817.790,98948.564,96777.007,80853.519,65843.086,46453.590,19796.483,9383.688,4529.500,2091.856,1044.177,523.524,23834.083,71134.498,106946.351,99383.968,82877.701,69857.757,40929.828,18695.505,8982.546,3990.883,1911.086,1032.723,524.129
 28.9,465.943,348.442,478.228,486.677,364.658,519.156,482.103,491.467,564.671,384.900,373.229,484.877,559.956,308.823,179.910,108.132,52.607,19.941,28.208,13.808,0.000,55826.478,101545.063,99470.040,83882.021,70661.115,47657.978,21462.391,9848.462,4558.455,2194.544,1154.711,602.172,24616.101,73524.952,110351.026,103248.384,86039.708,70378.543,44141.683,19432.604,10011.005,4765.620,2030.488,1006.848,527.048
 30.0,431.278,529.763,469.647,430.137,425.263,524.340,441.550,424.508,395.496,456.225,396.301,415.646,468.502,457.478,214.337,111.770,28.703,11.068,33.900,33.838,195.195,59473.483,103418.162,101934.089,87314.980,71899.882,50044.802,21504.585,10718.056,4959.178,2393.255,1245.926,696.995,25474.866,77043.308,112899.115,105111.789,89163.906,73907.704,45591.741,20495.562,9301.841,4661.894,2323.966,1187.404,672.866
 31.1,374.842,540.065,403.050,357.759,510.963,505.791,470.351,438.715,470.722,422.770,327.007,505.504,385.110,458.242,148.788,120.021,56.562,10.595,12.166,5.190,819.526,61195.147,107324.059,100895.606,90736.580,75075.353,53480.171,23074.535,10657.988,4899.754,2621.964,1237.596,551.027,26563.561,77442.214,115362.653,109064.574,91518.116,73184.583,46852.235,20197.859,10132.447,4981.539,2331.164,1160.403,582.196
 32.2,690.062,572.691,402.475,379.959,394.356,377.680,393.182,532.771,612.041,506.304,445.234,450.979,567.107,520.491,243.190,137.949,45.361,36.083,36.662,4.672,1200.192,61108.466,106734.147,105318.479,90464.867,75494.164,54141.459,24086.272,10948.560,5130.692,2416.348,1347.215,768.827,28169.824,79580.231,118934.536,113437.575,94267.950,79440.405,49489.982,20980.151,9884.043,5231.193,2411.600,1254.187,749.333
 33.4,498.936,464.550,412.903,481.850,468.794,465.639,444.732,639.413,510.034,577.304,429.010,513.209,588.343,462.932,235.039,109.668,50.641,8.756,21.498,16.876,1766.774,60843.211,110352.493,107738.322,93096.946,79325.203,55204.280,24316.769,11583.077,5211.451,2671.096,1511.086,777.165,29884.658,81887.621,124512.526,114544.197,95857.047,80439.705,52535.456,23354.400,10900.731,5324.660,2798.431,1519.485,667.044
 34.6,479.544,490.116,482.839,502.931,541.695,510.853,505.559,562.979,581.482,540.502,603.886,514.076,602.070,500.446,285.132,157.296,69.174,43.822,33.491,4.240,2304.852,61502.705,112479.870,110932.019,95801.174,80746.949,57523.199,24916.465,12343.903,5576.968,2908.006,1454.925,702.608,29649.472,84880.079,129013.760,115399.268,98516.029,84371.244,52122.058,24029.872,11719.931,5500.873,2632.600,1471.396,703.528
 35.9,489.228,441.366,532.688,411.696,541.235,544.390,457.364,496.729,502.387,613.218,440.799,556.765,724.798,507.006,194.139,101.068,45.679,35.947,31.455,4.457,2273.941,63271.323,114162.309,112409.696,97052.833,83374.369,58221.483,25828.198,12355.089,5598.132,2954.999,1640.467,827.650,30288.439,85744.591,127892.664,114646.390,100898.176,88613.005,54138.285,24606.896,11298.059,5437.042,2800.808,1558.490,949.181
 37.2,411.178,482.977,492.866,572.689,556.161,562.086,516.930,575.216,588.048,607.926,624.641,662.910,592.803,495.182,214.457,208.556,61.870,42.783,18.084,15.680,2724.504,65640.384,118025.216,114667.161,100325.663,86336.041,58326.120,26127.406,12771.459,5773.065,3303.738,1579.797,816.329,34664.245,88430.199,131428.724,119694.899,103562.750,90505.103,57290.506,25509.874,11715.079,5821.444,2817.308,1496.978,867.582
 38.5,480.374,583.234,609.601,593.401,635.149,581.364,548.052,577.486,541.264,616.301,738.495,673.151,741.625,606.159,290.356,172.613,89.495,35.727,29.172,44.267,2743.122,64780.225,117349.799,115228.156,102607.935,87594.874,59411.397,26901.355,13430.420,6197.180,3343.016,1611.451,847.902,38995.041,88036.469,134549.906,121978.994,107307.155,93617.451,57564.292,25780.164,11977.078,6100.226,3318.415,1668.318,894.811
 40.0,522.265,609.390,682.869,603.588,659.211,566.710,625.226,691.231,562.713,782.118,678.297,678.760,584.811,467.501,297.974,163.999,95.618,66.320,35.643,37.243,2991.555,65381.631,117693.374,118253.503,102517.768,89815.667,59964.321,28310.501,13716.361,6296.129,3235.763,1755.447,867.168,39940.259,86648.660,137807.745,125116.758,106579.419,96482.810,58675.841,26948.694,12752.641,5988.215,3073.555,1553.429,772.662
 41.4,536.667,684.511,564.953,443.057,598.891,652.285,681.041,651.227,608.581,672.633,643.194,712.112,666.856,646.737,271.797,165.221,135.913,44.808,20.590,17.439,3445.846,67515.445,118439.707,120148.149,105128.838,93090.876,60771.095,28940.979,13823.477,6526.538,3316.643,1755.509,858.849,38152.139,88808.934,139550.131,126508.301,109379.177,99578.418,59340.558,27495.339,12863.696,6114.499,3065.638,1804.399,864.521
 42.9,638.572,623.261,616.216,738.788,612.528,740.349,724.630,859.559,625.499,615.592,725.831,777.956,647.803,589.455,322.565,169.299,147.770,66.909,24.722,25.878,3292.301,66807.923,121762.663,121611.064,105113.459,94452.279,64529.004,28853.747,13871.243,6471.976,3287.121,1711.068,949.230,37890.260,91711.960,142304.009,126194.608,111813.838,101274.503,60126.966,28112.618,12701.071,6493.497,3269.825,1709.808,944.057
 44.5,680.960,770.720,705.862,626.458,701.354,611.986,750.171,937.656,723.549,715.455,765.865,794.763,754.926,679.865,352.735,163.727,73.080,59.630,24.829,31.126,3400.423,67535.661,124591.963,121057.421,105638.976,98128.202,65486.323,29371.508,14298.503,6525.293,3192.164,1586.451,869.916,37777.309,95318.664,142893.033,126490.738,113685.163,103242.490,60247.168,27996.855,13229.515,6626.767,3231.424,1712.619,924.623
 46.1,706.307,727.534,800.130,687.710,794.665,724.123,787.144,766.022,754.551,877.117,802.475,814.757,818.758,714.774,390.050,182.800,112.827,44.683,32.470,33.808,3411.260,66386.071,124421.312,122318.190,109211.976,100282.519,66762.809,30040.268,13771.648,6777.718,3238.817,1802.390,834.410,38505.291,94378.068,144133.684,128663.395,116435.457,105010.568,62024.518,27984.931,13726.798,6881.587,3480.112,1607.622,1102.821
 47.8,966.794,851.496,761.924,813.674,791.293,893.881,785.172,792.767,749.750,803.917,830.380,883.224,836.493,682.159,332.289,198.082,131.187,63.742,62.123,31.138,3930.608,65887.787,125596.054,124859.521,110886.655,100656.916,68980.370,30040.368,14110.418,6520.285,3638.707,1782.085,893.568,40910.579,94752.276,143853.431,130771.693,116988.066,105638.639,63532.551,29124.856,13857.045,6931.219,3440.647,1660.850,865.652
 49.6,932.780,986.861,1001.613,887.637,852.640,875.163,775.264,752.454,869.525,959.805,915.333,936.549,888.868,772.807,405.040,222.254,110.159,65.964,37.495,29.398,4933.948,68466.264,126502.015,125047.052,112583.628,103339.914,68335.414,31296.980,14886.596,7038.699,3540.156,1792.690,1081.852,40238.269,95166.258,146101.629,133471.625,118635.826,107335.575,65803.831,29203.754,13924.658,6844.247,3693.283,1730.815,877.017
 51.4,1072.718,915.696,843.988,893.442,989.464,892.228,816.365,977.205,795.415,881.725,1031.388,1045.988,951.949,830.724,446.421,205.518,79.049,55.657,41.738,20.984,5464.052,67484.204,127531.645,125586.667,114209.589,102479.378,69730.080,31204.785,14714.840,7190.447,3600.384,1805.591,835.929,40147.454,96126.578,145958.874,134371.886,121460.773,109073.803,66736.982,29313.221,13868.795,6913.524,3592.186,1881.424,932.374
 53.3,918.019,985.612,844.639,1008.471,842.867,914.010,921.776,930.180,903.694,987.196,1015.447,971.270,1075.616,945.125,462.327,243.269,141.454,102.377,63.197,12.400,5950.740,67371.980,127769.429,127722.136,112769.683,102810.872,71408.943,32043.527,14584.703,6764.934,3415.268,1730.842,962.438,40289.030,99014.868,145131.755,135268.218,120620.812,111124.796,66220.440,29557.890,14479.202,7235.132,3557.977,1806.701,853.280
 55.2,1068.201,866.343,933.777,1064.395,958.119,1033.356,1011.557,1040.931,1033.781,1055.244,1164.192,900.248,947.172,916.056,466.256,246.706,166.073,102.454,40.553,23.293,6517.791,68479.232,127199.930,128462.414,114017.458,104955.494,70874.412,31759.660,14580.548,7381.713,3427.934,1643.606,947.951,41044.743,98575.744,144379.314,134504.299,122002.961,110689.233,66527.268,30276.788,14192.607,7032.494,3550.276,1868.662,1030.687
 57.3,1031.168,1057.555,913.895,1048.757,876.103,1118.896,1042.302,1159.387,1023.144,957.267,1058.865,1022.772,944.017,808.376,420.321,222.296,158.092,67.880,39.698,17.876,6602.759,70362.628,126635.659,127988.362,115313.607,105802.898,70925.236,31984.982,14935.874,7106.488,3545.473,1792.638,949.757,41116.461,100359.749,144422.363,134736.861,122035.860,111215.280,67177.615,30673.308,14157.240,7410.811,3393.626,1772.250,950.609
 59.4,1058.282,1175.013,1120.795,1061.559,963.737,994.201,1089.331,1008.036,1122.969,1105.281,1006.300,974.290,1216.856,917.708,400.399,239.427,131.884,104.728,77.329,24.329,7689.528,71916.210,125539.725,125871.186,115838.264,105150.380,71400.744,32550.159,14513.013,6832.371,3471.245,1783.952,917.488,43018.432,98567.495,144363.077,136387.932,124134.446,111994.612,68236.348,30677.720,14226.433,7101.090,3479.469,1814.795,971.629
 61.5,1161.502,1123.662,1065.579,1041.495,1105.403,1146.518,987.418,981.523,995.225,1071.565,1101.409,1117.759,1180.207,908.875,410.838,246.297,129.451,90.121,57.067,46.722,7417.590,72183.643,126762.574,127302.628,115641.194,106309.598,71765.894,32771.886,15193.761,6937.784,3408.105,1846.617,955.437,43844.399,97834.410,146535.654,135801.237,123261.268,113082.325,68041.576,30256.013,14667.308,6983.005,3557.725,1715.260,1129.272
 63.8,1095.578,1059.164,941.514,1257.627,1138.231,1131.396,1068.813,1001.457,1064.617,1064.678,1073.465,1155.137,1153.281,857.649,441.229,263.577,100.725,77.937,30.782,15.954,8288.850,72536.717,128040.182,127113.362,117329.982,106144.290,72466.751,31852.161,15466.810,7037.331,3507.944,1709.468,918.653,43684.620,94403.857,146458.190,136562.600,124127.027,114907.570,67713.463,30108.058,14434.333,6747.287,3638.284,1781.044,1067.074
 66.1,1293.767,1092.529,1181.838,1111.324,1126.043,1181.169,1171.982,1142.053,1139.690,1145.429,1125.779,1111.832,1229.303,894.816,486.791,280.419,88.274,45.642,43.548,28.872,8704.794,74380.431,130425.545,125928.168,116661.600,107650.282,72687.213,32212.776,15406.510,7055.376,3349.176,1696.250,847.813,43029.798,92086.410,145403.688,137042.154,123573.490,114894.757,66423.040,29922.948,14893.674,7060.619,3228.880,1676.229,930.903
 68.5,1228.598,1106.388,1273.956,1187.663,1123.045,1224.602,1156.258,1255.141,1313.088,1236.264,1201.032,1355.426,1277.042,1003.518,464.466,210.139,144.386,73.243,38.020,30.250,8760.769,74192.966,130037.992,124859.512,113605.966,106935.419,71231.754,32198.696,14853.346,7247.291,3354.264,1849.201,875.515,43166.065,91434.743,145098.662,135534.230,124820.854,114837.697,65599.859,29837.861,14479.324,6814.093,3360.871,1695.286,879.087
 71.0,1167.558,1234.801,1097.732,1155.190,1188.897,1128.027,1183.986,1151.002,1124.041,1177.405,1268.870,1099.160,1242.023,906.594,537.969,256.511,145.920,63.818,54.630,55.096,8318.018,74153.097,127476.504,122758.013,111849.466,105475.062,69687.923,31168.107,14386.886,6242.163,3411.813,1693.898,917.892,42145.316,91985.363,140467.562,131700.851,121128.671,113609.961,64958.393,29659.484,14660.760,6711.347,3236.286,1895.116,964.371
 73.7,1150.585,1090.746,1183.205,1274.727,1213.860,1218.952,1158.438,1247.514,1092.256,1120.986,1294.941,1185.850,1256.040,985.809,501.105,265.279,133.910,74.258,45.998,33.676,9018.084,74811.640,123233.733,116288.528,109108.654,104115.218,67943.532,30607.814,14454.337,6382.937,3155.468,1520.856,870.161,41554.407,90170.781,139172.537,129213.478,119362.770,109974.680,63702.559,29676.931,14048.562,6750.924,3372.332,1726.958,901.182
 76.4,1102.704,1268.734,1124.818,1347.273,1162.940,1267.093,1103.460,1163.919,1090.026,1186.112,1259.629,1300.026,1254.256,975.609,428.183,256.999,147.460,54.393,34.861,36.789,9315.122,72307.593,123357.817,116341.335,111020.249,102134.408,67165.272,30729.997,13770.459,6478.153,3304.080,1681.276,877.014,41383.551,89390.568,136811.970,127131.278,118789.160,109560.958,63161.199,29282.695,14004.095,6542.144,3316.019,1616.654,877.545
 79.1,1297.160,1244.555,1188.834,1223.217,1131.676,1164.921,1050.577,1116.111,1241.537,1186.195,1080.956,1241.423,1191.985,940.476,442.363,268.493,96.385,88.367,60.090,24.150,9306.524,73027.126,121002.117,116553.496,108958.799,102131.455,67545.998,30026.815,13748.426,6457.418,2936.194,1561.772,771.865,40150.293,89205.836,134326.223,125462.219,117488.652,109798.092,64104.706,30037.865,12975.027,6350.806,3189.721,1682.655,877.651
 82.0,1112.914,1217.248,1186.229,1173.373,1161.491,1115.444,1267.772,1216.291,1135.556,1140.752,978.319,1100.165,1336.459,865.565,572.553,206.158,145.602,71.624,36.256,43.240,9110.949,70732.513,115520.012,113557.046,106507.930,99763.332,64198.898,29671.626,13640.280,6411.291,3237.783,1582.063,793.236,38968.932,86805.727,133131.500,121352.288,117970.082,107773.653,62767.389,28617.548,13264.875,6173.801,2770.326,1529.710,760.570
 85.1,1088.093,1198.848,1360.491,1378.678,1106.358,1079.082,1123.552,1098.995,1225.160,1085.135,1150.179,1163.752,1220.976,947.436,456.173,217.340,78.157,77.675,43.609,34.735,9280.109,68580.220,112036.720,112170.940,106038.085,97823.001,65166.860,29475.420,13946.192,6194.974,2938.886,1447.331,764.558,39337.145,84628.788,131025.559,120996.835,115761.076,108427.894,62310.172,28768.701,13278.882,6103.089,2858.231,1464.413,874.156
 88.2,1183.779,1051.316,1126.231,1186.122,1114.143,1140.163,1067.580,1202.735,1179.742,1198.748,1165.888,1255.987,1207.434,875.294,504.304,221.377,111.255,73.762,21.169,44.663,9632.219,67958.480,112035.079,112826.715,104990.373,97013.860,65242.181,29199.598,13041.575,6111.847,2810.698,1489.235,750.953,37501.237,84807.820,127335.246,118325.665,115832.210,107377.453,59880.481,27961.529,12532.554,6158.168,3029.818,1604.675,907.261
 91.4,1187.497,1102.076,1123.872,1108.782,1094.188,1148.915,1061.445,1090.478,1102.902,1150.609,1222.685,1223.769,1305.931,928.670,429.784,181.871,144.489,76.068,56.685,36.684,9791.865,66344.233,107397.737,109448.846,103455.377,96815.373,62922.602,29003.797,12879.418,5858.551,2767.013,1483.396,666.478,36082.320,84258.311,124717.943,116877.245,113453.822,105586.459,59924.133,27519.629,12444.761,5894.841,2977.748,1468.204,796.223
 94.7,1094.517,1192.729,1084.356,1009.548,1090.409,1140.921,968.857,1233.338,1124.980,1146.438,1143.991,1293.601,1177.388,893.298,461.163,274.123,106.568,61.582,55.902,34.429,10297.522,65372.821,105999.545,107959.467,101325.093,95132.653,61228.414,28559.807,13148.899,5632.585,2865.115,1431.997,801.272,34921.295,85911.861,119298.852,115963.809,109853.269,105972.978,59635.843,26284.684,12602.121,6180.799,2770.732,1345.679,807.485
 98.2,1012.198,1054.940,970.728,937.068,1021.602,1042.810,1048.427,1053.721,1082.575,1025.536,1177.751,1050.173,1098.980,853.473,442.828,144.415,123.362,45.247,60.442,42.159,10204.899,63882.638,105651.598,105433.779,100345.953,95363.983,60484.311,27955.529,12093.688,5952.455,2901.788,1393.382,658.144,35356.521,84084.866,117999.743,114379.745,108807.916,103713.373,58611.100,26274.847,11697.477,5748.098,2709.318,1352.854,739.315
101.8,990.536,1017.402,891.980,1066.638,1016.934,958.720,929.220,967.940,1039.342,987.339,1111.757,977.382,1077.785,815.700,388.010,191.272,110.957,69.775,18.680,25.672,10685.946,62818.616,103123.806,103420.997,98521.236,94088.951,58455.969,27201.455,12114.071,5617.385,2893.133,1319.793,602.447,34779.784,83261.699,116795.520,112860.462,107971.492,102570.179,57315.591,25793.041,11895.267,5468.184,2777.099,1378.223,744.778
105.5,976.155,957.000,949.472,945.528,975.692,834.206,917.171,907.594,986.144,893.389,879.932,1017.062,1057.497,785.350,393.845,146.901,62.968,51.649,46.420,26.348,12036.731,60588.285,102554.206,102102.201,96093.436,91801.543,58373.137,26108.774,11945.316,5757.106,2798.122,1273.266,714.744,33560.485,79129.746,116700.821,111420.523,106854.365,100486.141,55969.267,24817.061,11735.397,5656.896,2914.577,1314.882,726.676
109.4,874.840,891.071,844.278,791.422,844.027,796.514,995.974,899.174,873.889,906.533,941.941,876.940,890.583,698.452,305.246,144.690,71.980,60.849,57.691,44.445,11840.196,56629.468,99335.578,99832.123,95082.196,89391.152,56269.486,25442.442,11950.616,5548.871,2578.273,1282.043,468.908,32033.420,77597.220,113270.269,107118.869,102111.920,98717.029,53470.427,24159.766,11502.692,5632.524,2494.823,1191.525,689.815
113.4,811.843,808.787,790.715,795.515,917.228,791.077,776.717,772.470,724.176,911.636,933.644,748.975,895.399,717.828,306.346,156.762,89.336,58.299,37.279,17.641,11825.780,56480.074,98565.068,97105.185,90972.496,86949.171,54925.997,24447.968,11539.274,5349.769,2396.401,1096.645,594.947,30955.211,76196.090,107848.398,104676.133,99250.646,97454.794,52231.523,22923.294,11054.394,5130.998,2432.807,1256.613,748.977
117.6,867.326,781.018,704.725,673.821,820.598,768.509,852.023,781.226,753.884,714.565,776.680,816.372,861.303,692.611,255.237,141.418,85.288,49.151,36.187,16.358,11787.772,53752.197,97417.072,95343.136,88989.039,83763.302,53430.334,24625.140,11098.491,4830.393,2440.187,1120.233,615.691,30748.041,74162.571,107345.811,103581.642,98800.045,95030.382,50724.162,22701.792,10707.065,5299.068,2357.072,1244.023,682.910
121.9,898.293,715.604,741.304,760.898,776.992,666.350,800.605,761.936,757.143,740.804,780.840,724.836,780.163,579.723,324.685,151.365,49.293,37.441,31.600,7.002,12754.471,52786.728,94391.370,90436.779,86216.327,83307.248,52227.455,22657.773,10567.495,4926.059,2570.381,1011.758,600.788,30695.183,71994.475,103134.880,99658.038,93476.056,90506.650,49452.103,21765.394,10150.070,4701.537,2409.251,1136.578,490.511
126.3,704.649,734.711,728.977,618.962,712.739,626.994,742.668,712.454,756.321,675.592,657.768,647.992,740.746,523.079,302.816,88.977,87.353,47.871,16.773,11.341,12052.071,51162.899,89957.839,88479.355,84369.590,80947.450,50772.438,22330.032,10528.315,4802.541,2436.096,1127.949,666.180,29916.329,69873.631,100669.834,96162.205,91932.254,88368.024,47874.177,21567.200,9930.680,4815.180,2166.869,1047.966,671.991
131.0,609.581,668.204,730.278,612.089,690.552,608.738,662.973,607.401,648.494,635.214,703.981,642.144,708.854,440.270,237.411,112.514,59.018,47.251,34.818,21.897,12819.696,50601.914,86830.847,84091.461,81505.026,77561.474,48568.518,21857.390,9916.650,4482.336,2322.790,995.385,551.968,29822.221,68236.775,98427.973,93237.508,89798.689,87427.756,46492.407,20240.764,9894.114,4509.265,2125.106,985.852,678.836
135.8,714.741,641.138,593.672,668.784,645.570,701.775,633.608,572.851,624.917,627.725,572.240,660.193,590.577,465.029,188.034,127.321,69.395,41.320,10.254,33.176,13389.153,50266.331,84414.069,81370.194,78111.493,76265.585,46628.432,21633.415,9797.012,4182.077,2063.446,1076.144,549.472,29754.280,64515.465,92999.736,90652.511,85896.253,83645.530,44340.363,19936.391,9258.192,4367.155,1915.710,1114.247,443.962
140.7,539.975,503.907,580.706,567.745,581.020,556.103,496.215,575.701,560.225,489.337,610.511,581.482,497.709,437.235,221.867,102.201,41.206,19.615,10.989,16.358,12437.037,48880.010,82034.313,80566.929,75925.173,73955.445,45161.982,20250.875,9038.034,4069.261,2092.540,1025.685,526.695,29680.535,62060.326,89640.807,85686.786,82856.919,81571.817,42718.137,18970.858,8659.497,4109.373,2031.899,1037.053,558.295
145.9,547.425,530.253,474.406,566.460,472.664,535.659,572.828,512.152,470.207,485.343,589.711,506.154,511.747,382.997,187.573,91.026,37.074,26.148,19.412,1.333,11476.723,46541.090,77123.784,77013.123,72399.930,69797.116,43576.416,18964.631,8749.270,3809.412,1853.367,895.752,476.313,28956.859,58899.400,85328.095,84039.648,78971.137,77387.904,40835.131,18203.856,8609.041,3815.559,1996.097,953.231,539.676
151.2,520.331,578.173,520.848,422.773,449.717,524.741,468.304,534.493,462.274,440.855,430.446,579.179,499.537,298.640,163.682,85.272,36.072,19.565,14.512,11.706,10786.552,45813.937,74075.293,73334.388,69675.698,66856.980,41428.852,18397.754,8466.842,3813.284,1962.215,815.978,491.951,28090.081,57685.504,82572.225,80609.283,76638.256,75264.407,39555.200,17009.572,8116.855,3710.722,1710.483,887.990,496.557
156.8,513.569,403.371,494.885,423.931,514.547,498.412,520.453,448.283,443.856,406.060,559.235,502.869,449.558,335.133,141.377,85.363,67.161,29.751,21.244,2.833,9976.368,43879.035,71581.995,70516.226,66737.936,64679.716,39091.884,17672.684,8028.001,3756.339,1793.783,841.795,528.556,26243.388,54636.615,78842.404,75295.229,73167.019,69988.617,37766.577,16710.534,7947.702,3525.262,1537.373,810.831,437.662
162.5,445.795,352.874,431.774,447.316,430.663,481.748,350.784,385.470,403.471,404.431,435.480,358.763,517.728,322.013,139.533,80.233,25.123,28.772,2.610,20.806,9467.210,42064.668,68637.617,66835.674,63679.447,62180.069,36915.946,16640.784,7650.124,3394.470,1633.088,784.733,422.808,25898.146,52467.512,74372.833,72124.151,69505.975,67522.100,35340.407,15674.195,7258.389,3489.240,1537.001,798.215,399.344
168.5,437.151,351.430,434.448,375.571,395.611,462.444,375.918,462.238,415.976,297.781,409.724,393.687,353.472,272.683,134.035,77.107,38.275,29.196,16.655,10.889,10269.962,39681.345,65246.587,62783.211,60794.423,59317.893,35377.433,16228.249,7345.440,3373.137,1548.712,706.046,419.580,25026.969,50690.369,70519.831,68320.554,66408.650,65294.622,33302.209,15347.500,6841.733,3288.535,1561.688,798.787,403.538
174.7,371.459,344.108,388.666,441.385,366.851,412.474,334.438,415.056,324.438,452.495,415.079,371.029,360.685,242.696,152.773,47.162,39.552,13.632,14.983,8.560,10854.043,36710.014,62160.393,59666.119,57705.845,55807.929,33132.131,15544.516,7098.133,3146.419,1507.870,755.596,374.153,24190.245,47476.152,66791.020,65025.126,63009.474,61001.847,31013.906,14008.900,6542.536,3030.982,1555.186,578.308,410.779
181.1,341.954,311.977,334.650,329.719,301.779,318.195,298.555,345.727,291.805,348.352,333.683,342.060,306.396,191.938,134.175,39.130,35.159,23.174,8.780,5.623,10293.149,35309.545,60264.218,56397.230,55172.499,52857.801,31295.225,13991.251,6691.928,2955.400,1502.345,646.966,305.314,22279.932,44742.270,63373.044,61715.970,59156.304,57590.092,30063.357,13649.935,6343.480,2854.229,1360.206,752.233,322.570
187.7,306.036,320.900,290.137,338.037,310.129,327.689,345.139,327.011,286.096,244.529,284.369,248.002,242.985,176.089,77.784,48.212,27.691,24.356,4.838,12.409,9626.369,33304.607,54542.446,54395.287,52187.313,51116.269,29979.218,13815.901,6176.636,2780.278,1136.105,590.330,342.433,21412.075,42823.146,61078.391,58767.146,56152.874,55108.602,28049.581,12817.602,5887.688,2708.685,1275.712,671.690,348.659
194.6,248.089,311.810,218.764,254.430,233.550,219.146,231.908,225.396,249.735,258.688,248.618,259.373,208.949,200.503,59.086,47.211,8.903,9.334,12.446,0.000,9190.340,31138.896,52515.623,50392.836,47695.992,47321.477,27924.899,13070.555,5456.648,2479.206,1109.209,583.972,265.222,20284.766,40309.434,56401.998,55175.622,53013.308,52399.648,25344.171,11698.232,5427.747,2614.532,1239.312,624.834,293.753
201.7,225.910,280.645,207.948,206.812,225.122,202.297,212.153,260.306,216.346,233.315,223.907,193.053,186.524,131.070,55.927,33.519,11.499,3.135,3.135,6.118,9080.196,29864.358,48891.027,47244.577,45084.473,44799.817,26224.285,12170.431,5340.460,2586.170,1222.064,459.033,274.730,18771.899,37631.338,53743.269,50886.899,49573.855,48600.436,23553.504,11315.745,5157.625,2595.528,1168.713,578.197,302.187
209.1,199.480,169.967,177.298,207.996,203.425,161.667,199.823,189.039,223.331,171.280,177.336,231.497,210.668,90.996,71.694,28.369,8.256,9.435,4.736,0.000,8534.252,27621.888,46190.829,44121.299,43979.291,40698.258,24246.003,10776.540,5072.476,2134.276,1089.473,438.195,186.762,16592.346,35874.524,49605.734,48807.149,47017.258,45013.550,22113.671,10233.478,4743.074,2192.038,1059.670,556.813,246.997
216.7,190.422,209.642,130.806,157.792,176.688,138.434,188.636,153.843,134.392,155.556,127.425,150.040,149.554,85.798,54.935,34.944,24.985,3.079,1.762,3.170,8514.847,26099.508,42908.103,41710.345,39468.172,38468.372,22804.855,10347.666,4561.233,2194.338,941.052,441.406,189.195,16151.279,33223.187,46169.453,45258.776,43619.958,42594.864,21294.962,9372.576,4414.909,2092.728,863.756,466.488,219.723
224.7,187.136,178.284,151.516,149.814,137.089,168.067,148.340,137.133,143.986,146.024,115.442,114.830,187.438,88.989,46.158,38.423,18.273,2.366,3.195,6.390,8131.421,24353.428,40351.825,38178.415,37456.083,36837.601,20776.981,9274.415,4528.939,1814.842,835.788,431.925,177.452,14515.850,31106.241,43544.542,41965.142,40411.667,39503.869,19965.669,8704.134,4243.646,1981.207,928.288,434.440,197.339
232.9,100.128,110.596,102.788,96.758,106.412,117.384,126.748,104.608,105.009,111.035,134.312,117.959,114.605,87.269,14.108,23.811,16.102,2.924,3.221,0.000,7893.532,23335.689,37080.716,35774.539,34684.565,33837.723,18934.538,8737.207,3879.790,1753.987,874.215,409.584,215.276,13132.910,28732.075,40935.583,38776.697,37572.893,37353.853,18083.621,8160.830,3679.591,1811.865,933.354,406.950,217.916
241.4,96.492,126.002,136.491,133.132,126.390,75.805,102.098,76.040,75.582,81.076,106.722,122.341,111.861,74.570,25.971,10.980,9.740,16.235,0.000,0.847,7647.999,20957.893,34067.116,33824.993,32485.338,31252.789,17550.050,7730.532,3784.039,1691.598,833.088,345.087,146.844,12282.709,27353.962,37499.482,36242.538,35660.113,34391.928,16809.133,7715.299,3551.648,1610.149,761.503,415.869,197.736
250.3,72.230,99.845,76.263,92.897,111.109,121.074,108.918,92.716,86.550,112.048,98.561,75.518,94.223,60.710,16.367,19.687,3.274,13.096,0.000,5.695,6988.662,19921.161,31605.191,30885.948,30069.419,29748.434,15814.010,7387.187,3298.150,1645.857,679.761,342.185,168.543,11902.865,25570.436,34306.393,33803.211,32979.294,32126.521,14932.988,6851.331,3116.576,1564.887,690.475,333.651,166.970
259.5,85.887,74.122,83.957,64.628,79.294,95.492,100.449,76.395,64.923,48.883,67.348,78.321,73.005,39.560,14.957,16.623,3.317,0.000,0.000,3.318,6596.198,18418.631,29246.985,28969.942,28288.079,26864.114,15014.293,6472.980,3086.569,1294.340,633.787,332.852,112.358,11225.042,23879.710,32220.982,31655.072,30088.260,30033.035,14138.222,6492.744,2735.540,1339.006,656.227,342.058,168.188
269.0,53.623,100.814,63.015,57.197,77.175,64.260,34.063,45.354,62.017,63.127,64.604,72.569,65.640,34.638,9.463,13.413,3.346,3.346,3.346,2.238,6119.746,16940.683,26593.635,26462.774,25383.085,24610.814,13523.261,5947.194,2855.936,1235.697,579.633,272.847,102.380,9920.255,21753.104,29461.731,28021.712,27191.194,26432.784,12536.731,5836.801,2579.977,1212.803,567.831,337.947,120.861
278.8,54.333,71.794,49.011,32.823,42.342,41.007,44.592,81.317,84.699,36.031,34.373,50.361,45.255,50.733,12.330,0.000,3.375,3.375,0.000,0.000,5682.156,16099.542,24595.823,24590.093,23803.059,22532.643,12385.635,5307.794,2647.709,1175.767,511.337,246.995,143.473,9716.410,20165.035,26879.540,25905.270,25321.946,24386.069,11883.014,5161.258,2401.183,1187.633,582.219,288.623,90.634
289.0,36.284,35.152,56.579,48.502,63.425,35.864,65.611,48.889,31.763,35.987,32.435,22.923,23.406,18.682,13.685,6.859,3.422,3.167,0.000,0.000,5449.684,15116.421,22723.366,22141.331,21435.014,20749.188,11261.551,4926.496,2397.725,1093.292,501.531,201.305,132.488,8865.922,18701.731,24881.242,23983.762,23397.858,22015.303,9970.186,4563.820,2279.140,1012.140,425.088,179.565,99.620
299.6,50.874,33.622,36.324,23.556,60.949,34.598,20.117,29.086,30.366,31.877,44.977,52.303,39.218,29.588,13.809,0.000,3.453,0.000,3.453,0.000,5007.107,14261.298,21564.409,19971.232,19571.608,19059.104,10210.715,4747.108,2092.773,889.837,432.483,181.824,97.593,8327.521,16800.389,22613.570,21654.027,21505.001,20848.862,9406.340,4299.870,2133.513,809.739,442.122,164.448,67.669
310.6,20.284,13.960,28.073,59.656,24.881,33.570,29.175,30.104,28.857,20.662,24.564,37.832,15.948,3.509,10.504,0.000,3.502,0.000,0.000,0.000,4737.135,12884.630,19540.166,18808.540,18499.494,17411.876,9063.509,3963.745,1844.817,974.748,356.226,210.376,47.309,7167.686,15979.174,20471.939,20103.824,19134.355,18346.434,8618.048,3939.964,1757.329,899.670,386.953,188.538,59.968
322.0,31.932,42.612,29.458,32.041,43.590,23.695,17.691,35.152,38.525,20.733,29.458,28.372,25.982,10.681,7.105,3.561,3.553,0.000,0.000,0.000,4258.499,12250.480,18116.812,16946.050,16949.580,16099.123,8321.609,3609.646,1889.841,680.431,328.877,157.833,82.432,6968.211,14080.318,18598.819,17610.822,17523.019,17052.583,8009.035,3704.614,1572.976,720.795,357.091,147.985,71.085
333.8,49.252,34.876,14.376,13.886,9.801,11.418,21.074,13.849,24.608,21.074,21.565,46.233,8.950,3.104,3.586,0.000,0.000,0.000,0.000,0.000,4042.780,10640.600,16252.881,15386.693,14721.771,14415.666,7866.844,3713.840,1629.691,675.001,342.380,154.824,67.064,6205.470,12935.762,17486.768,15898.382,15387.608,15633.910,6942.103,3268.381,1324.734,693.861,390.801,134.607,52.027
346.0,14.058,18.514,21.888,12.374,6.507,16.022,5.078,23.940,31.346,12.374,7.296,22.510,8.726,5.078,10.920,0.000,3.640,0.000,3.641,0.000,3970.892,10158.675,14731.501,13927.674,13304.573,12729.506,7085.257,3110.130,1373.315,578.251,305.122,163.921,51.178,5856.422,11515.965,15745.468,14626.311,13797.222,13630.176,6341.137,2780.033,1271.739,573.690,247.232,163.086,74.219
358.7,6.020,5.253,13.678,22.222,22.222,18.519,18.341,9.134,7.407,7.407,18.519,7.997,18.519,11.112,3.696,0.000,7.392,0.000,0.000,0.000,3288.039,9391.579,13222.346,13210.200,12344.510,11996.627,6281.640,2766.337,1275.825,508.952,303.258,144.521,56.706,5123.092,10919.059,13424.435,13104.529,12815.918,12137.732,5728.016,2593.034,1090.303,465.112,211.609,95.886,53.608
371.8,6.623,18.987,24.608,2.292,11.284,22.568,2.472,11.284,3.761,7.523,7.523,9.562,15.867,0.000,0.000,0.000,0.000,0.000,0.000,0.000,3102.624,8459.059,11518.985,11421.161,10790.978,10478.474,5333.790,2402.589,1098.502,508.783,171.150,113.655,74.999,5166.297,9739.520,12046.215,11904.313,11133.774,11161.381,4821.419,2188.906,1000.633,465.461,182.041,115.963,54.134
385.4,0.000,19.105,3.821,6.193,7.642,3.821,2.372,19.105,19.105,11.463,7.642,0.000,0.922,7.642,3.813,3.822,0.000,0.000,0.000,3.814,2860.709,7467.212,10762.978,10120.209,9580.573,9101.773,4616.156,2104.341,959.185,403.131,220.181,118.378,56.792,4549.565,8820.824,10897.694,10464.378,9895.840,9797.167,4340.050,2046.949,864.045,391.862,173.639,81.759,15.126
399.5,12.288,9.418,3.861,0.000,3.861,0.000,0.000,5.557,19.305,7.722,3.861,7.722,5.557,0.000,0.000,3.862,0.000,0.000,0.000,0.000,2529.867,6794.365,9629.142,9214.960,8544.053,8417.234,4085.358,1932.843,900.844,382.659,138.175,83.992,34.291,4256.779,7232.950,9566.470,9205.982,8809.115,8522.959,3696.670,1664.081,700.621,290.887,134.412,34.390,28.426
414.2,1.382,0.000,11.773,3.924,3.924,0.000,6.093,0.000,3.924,3.924,7.848,5.307,18.743,3.924,0.000,0.000,0.000,0.000,0.000,0.000,2232.037,5669.597,8351.257,7911.355,7451.519,7060.637,3782.711,1688.285,821.121,257.341,165.724,70.213,36.745,3669.387,6623.310,8314.028,8100.919,7622.586,7219.041,3200.020,1500.085,690.838,296.476,105.851,62.138,30.200
429.4,0.000,0.000,7.979,0.000,7.979,7.979,3.990,3.403,3.990,3.990,7.979,7.393,15.959,19.950,0.000,0.000,0.000,0.000,0.000,0.000,2058.267,5390.805,7753.019,7490.834,6663.186,6498.059,3447.035,1408.071,721.915,285.402,138.215,32.668,30.561,3319.311,5980.729,7572.173,7135.194,6829.874,6637.449,2697.662,1180.495,629.876,265.079,117.286,59.227,27.639
445.1,7.732,8.115,8.115,4.058,0.000,8.115,8.115,8.115,8.115,8.115,0.000,4.058,8.115,0.000,8.097,0.000,0.000,0.000,0.000,0.000,1815.400,5047.150,6898.579,6371.814,6118.190,5661.725,2788.680,1141.299,500.850,216.741,96.795,51.475,60.499,2956.771,5100.829,6480.322,6358.883,5722.839,5725.831,2484.825,952.985,520.964,214.499,108.417,17.766,12.047
461.4,8.646,4.128,4.128,0.000,0.000,12.384,0.000,8.256,8.256,4.128,0.000,8.256,4.128,0.000,4.119,0.000,0.000,0.000,0.000,4.120,1520.707,4304.915,5989.154,5601.949,5131.706,4873.271,2243.825,1056.842,478.887,165.204,53.340,32.826,28.723,2569.271,4339.887,5600.417,5253.858,4883.034,4763.031,2038.331,913.285,404.477,159.210,65.362,60.815,24.512
478.3,12.603,4.201,0.000,4.201,0.000,8.402,4.201,0.000,0.000,0.000,8.402,12.603,0.000,0.000,0.000,0.000,0.000,0.000,4.193,0.000,1387.108,3948.860,4967.914,4570.276,4604.466,4007.769,2013.674,859.994,396.152,157.579,58.460,16.704,45.419,2070.788,3563.362,4915.973,4308.144,4094.700,3930.585,1722.709,768.516,403.251,206.948,62.360,18.642,24.946
495.8,4.251,0.000,0.000,4.251,4.251,0.000,4.251,0.000,0.000,4.251,0.000,4.250,8.501,0.000,0.000,0.000,0.000,0.627,0.000,0.000,1305.432,3086.449,4276.648,3878.688,3487.328,3064.355,1625.969,533.096,300.702,126.748,54.923,38.026,34.324,1646.426,3161.549,3548.175,3737.138,3503.763,3129.085,1526.174,585.533,204.277,96.968,54.683,26.103,16.826
514.0,12.985,12.985,0.000,0.000,8.657,0.000,0.000,0.000,0.000,4.328,0.000,4.328,12.985,0.000,0.000,0.000,0.000,3.681,0.000,0.000,962.700,2610.699,3564.755,3357.054,2868.754,2848.293,1403.042,658.922,266.430,120.465,34.418,8.605,34.420,1466.949,2346.839,3110.860,2965.007,2652.454,2357.741,1157.265,437.850,154.958,103.040,47.117,12.851,21.418
532.8,4.409,4.409,0.000,0.000,4.409,0.000,4.409,0.000,0.000,0.000,0.000,4.409,4.409,0.000,0.000,0.000,0.000,0.000,0.000,0.000,929.860,2315.106,2886.367,2664.137,2349.684,2068.421,1113.294,467.791,153.366,70.123,39.445,4.383,21.915,1211.248,2220.218,2591.914,2350.424,2255.913,2049.975,847.404,365.615,144.326,82.868,56.725,13.091,4.364
552.3,0.000,0.000,4.494,0.000,4.494,4.494,0.000,0.000,0.000,13.481,4.494,0.000,0.000,0.000,0.000,0.000,0.000,0.000,0.000,0.000,821.159,1842.733,2398.391,2210.146,1887.934,2030.804,879.186,370.275,107.171,75.928,31.265,26.800,22.123,892.765,1692.062,2108.664,1862.892,1786.642,1566.868,655.135,314.220,133.711,40.347,17.787,8.894,13.341
572.5,0.000,0.000,0.000,0.000,0.000,4.581,0.000,0.000,4.581,0.000,0.000,0.000,9.162,0.000,0.000,0.000,0.000,0.000,0.000,0.000,745.719,1657.222,2093.694,1846.919,1738.093,1444.039,585.770,310.561,125.685,70.926,36.428,9.107,27.537,811.980,1385.260,1722.786,1538.793,1482.781,1279.511,557.514,255.427,90.879,59.071,13.601,9.068,9.067
593.5,0.000,0.000,0.000,0.000,0.000,0.000,0.000,0.000,0.000,0.000,0.000,0.000,0.000,0.000,0.000,0.000,0.000,0.000,0.000,0.000,0.000,0.000,0.000,0.000,0.000,0.000,0.000,0.000,0.000,0.000,0.000,0.000,0.000,0.000,0.000,0.000,0.000,0.000,0.000,0.000,0.000,0.000,0.000,0.000,0.000,0.000
615.3,0.000,0.000,0.000,0.000,0.000,0.000,0.000,0.000,0.000,0.000,0.000,0.000,0.000,0.000,0.000,0.000,0.000,0.000,0.000,0.000,0.000,0.000,0.000,0.000,0.000,0.000,0.000,0.000,0.000,0.000,0.000,0.000,0.000,0.000,0.000,0.000,0.000,0.000,0.000,0.000,0.000,0.000,0.000,0.000,0.000,0.000
637.8,0.000,0.000,0.000,0.000,0.000,0.000,0.000,0.000,0.000,0.000,0.000,0.000,0.000,0.000,0.000,0.000,0.000,0.000,0.000,0.000,0.000,0.000,0.000,0.000,0.000,0.000,0.000,0.000,0.000,0.000,0.000,0.000,0.000,0.000,0.000,0.000,0.000,0.000,0.000,0.000,0.000,0.000,0.000,0.000,0.000,0.000
661.2,0.000,0.000,0.000,0.000,0.000,0.000,0.000,0.000,0.000,0.000,0.000,0.000,0.000,0.000,0.000,0.000,0.000,0.000,0.000,0.000,0.000,0.000,0.000,0.000,0.000,0.000,0.000,0.000,0.000,0.000,0.000,0.000,0.000,0.000,0.000,0.000,0.000,0.000,0.000,0.000,0.000,0.000,0.000,0.000,0.000,0.000
685.4,0.000,0.000,0.000,0.000,0.000,0.000,0.000,0.000,0.000,0.000,0.000,0.000,0.000,0.000,0.000,0.000,0.000,0.000,0.000,0.000,0.000,0.000,0.000,0.000,0.000,0.000,0.000,0.000,0.000,0.000,0.000,0.000,0.000,0.000,0.000,0.000,0.000,0.000,0.000,0.000,0.000,0.000,0.000,0.000,0.000,0.000
710.5,0.000,0.000,0.000,0.000,0.000,0.000,0.000,0.000,0.000,0.000,0.000,0.000,0.000,0.000,0.000,0.000,0.000,0.000,0.000,0.000,0.000,0.000,0.000,0.000,0.000,0.000,0.000,0.000,0.000,0.000,0.000,0.000,0.000,0.000,0.000,0.000,0.000,0.000,0.000,0.000,0.000,0.000,0.000,0.000,0.000,0.000
736.5,0.000,0.000,0.000,0.000,0.000,0.000,0.000,0.000,0.000,0.000,0.000,0.000,0.000,0.000,0.000,0.000,0.000,0.000,0.000,0.000,0.000,0.000,0.000,0.000,0.000,0.000,0.000,0.000,0.000,0.000,0.000,0.000,0.000,0.000,0.000,0.000,0.000,0.000,0.000,0.000,0.000,0.000,0.000,0.000,0.000,0.000
Scan Time (s),155,155,155,155,155,155,155,155,155,155,155,155,155,155,155,155,155,155,155,155,155,155,155,155,155,155,155,155,155,155,155,155,155,155,155,155,155,155,155,155,155,155,155,155,155,155
Retrace Time (s),4,4,4,4,4,4,4,4,4,4,4,4,4,4,4,4,4,4,4,4,4,4,4,4,4,4,4,4,4,4,4,4,4,4,4,4,4,4,4,4,4,4,4,4,4,4
Scan Resolution (Hz),50,50,50,50,50,50,50,50,50,50,50,50,50,50,50,50,50,50,50,50,50,50,50,50,50,50,50,50,50,50,50,50,50,50,50,50,50,50,50,50,50,50,50,50,50,50
Scans Per Sample,1,1,1,1,1,1,1,1,1,1,1,1,1,1,1,1,1,1,1,1,1,1,1,1,1,1,1,1,1,1,1,1,1,1,1,1,1,1,1,1,1,1,1,1,1,1
Sheath Flow (L/min),3.000,3.000,3.000,3.000,3.000,3.000,3.000,3.000,3.000,3.000,3.000,3.000,3.000,3.000,3.000,3.000,3.000,3.000,3.000,3.000,3.000,3.000,3.000,3.000,3.000,3.000,3.000,3.000,3.000,3.000,3.000,3.000,3.000,3.000,3.000,3.000,3.000,3.000,3.000,3.000,3.000,3.000,3.000,3.000,3.000,3.000
Aerosol Flow (L/min),0.875,0.875,0.875,0.875,0.875,0.875,0.875,0.875,0.875,0.875,0.875,0.875,0.875,0.875,0.876,0.875,0.876,0.876,0.876,0.876,0.877,0.876,0.877,0.877,0.877,0.877,0.878,0.878,0.878,0.878,0.878,0.878,0.878,0.878,0.878,0.879,0.879,0.879,0.877,0.879,0.880,0.879,0.879,0.880,0.880,0.880
Bypass Flow (L/min),0.00,0.00,0.00,0.00,0.00,0.00,0.00,0.00,0.00,0.00,0.00,0.00,0.00,0.00,0.00,0.00,0.00,0.00,0.00,0.00,0.00,0.00,0.00,0.00,0.00,0.00,0.00,0.00,0.00,0.00,0.00,0.00,0.00,0.00,0.00,0.00,0.00,0.00,0.00,0.00,0.00,0.00,0.00,0.00,0.00,0.00
Low Voltage (V),10.37,10.37,10.37,10.37,10.37,10.37,10.37,10.37,10.37,10.37,10.37,10.37,10.37,10.37,10.37,10.36,10.36,10.36,10.36,10.36,10.36,10.34,10.34,10.35,10.35,10.35,10.34,10.35,10.35,10.34,10.34,10.33,10.33,10.33,10.33,10.33,10.33,10.33,10.33,10.33,10.33,10.33,10.33,10.33,10.33,10.33
High Voltage (V),9736.28,9736.28,9736.28,9736.28,9736.28,9736.28,9736.28,9736.28,9736.28,9736.28,9736.28,9736.28,9736.28,9738.01,9739.75,9741.12,9743.21,9744.58,9746.31,9748.04,9749.77,9748.81,9749.16,9752.86,9752.86,9754.59,9752.26,9755.96,9755.96,9755.35,9755.35,9757.07,9757.07,9758.79,9758.79,9758.79,9758.43,9760.15,9760.15,9760.86,9761.87,9761.52,9761.87,9761.87,9763.23,9763.23
Lower Size (nm), 15.4, 15.4, 15.4, 15.4, 15.4, 15.4, 15.4, 15.4, 15.4, 15.4, 15.4, 15.4, 15.4, 15.4, 15.4, 15.4, 15.4, 15.4, 15.4, 15.4, 15.4, 15.4, 15.4, 15.4, 15.4, 15.4, 15.4, 15.4, 15.4, 15.4, 15.4, 15.4, 15.4, 15.4, 15.4, 15.4, 15.4, 15.4, 15.4, 15.4, 15.4, 15.4, 15.4, 15.4, 15.4, 15.4
Upper Size (nm),749.9,749.9,749.9,749.9,749.9,749.9,749.9,749.9,749.9,749.9,749.9,749.9,749.9,749.9,749.9,749.9,749.9,749.9,749.9,749.9,749.9,749.9,749.9,749.9,749.9,749.9,749.9,749.9,749.9,749.9,749.9,749.9,749.9,749.9,749.9,749.9,749.9,749.9,749.9,749.9,749.9,749.9,749.9,749.9,749.9,749.9
Density (g/cm³),1.8,1.8,1.8,1.8,1.8,1.8,1.8,1.8,1.8,1.8,1.8,1.8,1.8,1.8,1.8,1.8,1.8,1.8,1.8,1.8,1.8,1.8,1.8,1.8,1.8,1.8,1.8,1.8,1.8,1.8,1.8,1.8,1.8,1.8,1.8,1.8,1.8,1.8,1.8,1.8,1.8,1.8,1.8,1.8,1.8,1.8
td + 0.5 (s),1.54,1.54,1.54,1.54,1.54,1.54,1.54,1.54,1.54,1.54,1.54,1.54,1.54,1.54,1.54,1.54,1.54,1.54,1.54,1.54,1.54,1.54,1.54,1.54,1.54,1.54,1.54,1.54,1.54,1.54,1.54,1.54,1.54,1.54,1.54,1.54,1.54,1.54,1.54,1.54,1.54,1.54,1.54,1.54,1.54,1.54
tf (s),6.40,6.40,6.40,6.40,6.40,6.40,6.40,6.40,6.40,6.40,6.40,6.40,6.40,6.40,6.40,6.40,6.40,6.40,6.40,6.40,6.40,6.40,6.40,6.40,6.40,6.40,6.40,6.40,6.40,6.40,6.40,6.40,6.40,6.40,6.40,6.40,6.40,6.40,6.40,6.40,6.40,6.40,6.40,6.40,6.40,6.40
D50 (nm),565.0,565.0,565.0,565.0,565.0,565.0,565.0,565.0,565.0,565.0,565.0,565.0,565.0,565.1,564.8,565.2,564.8,564.9,564.9,565.0,564.7,565.0,564.6,564.8,564.8,564.8,564.3,564.5,564.5,564.4,564.4,564.5,564.5,564.5,564.5,564.1,564.1,564.2,564.9,564.2,563.9,564.2,564.2,563.9,563.9,563.9
Neutralizer Status,ON,ON,ON,ON,ON,ON,ON,ON,ON,ON,ON,ON,ON,ON,ON,ON,ON,ON,ON,ON,ON,ON,ON,ON,ON,ON,ON,ON,ON,ON,ON,ON,ON,ON,ON,ON,ON,ON,ON,ON,ON,ON,ON,ON,ON,ON
Median (nm),71.813,71.829,71.635,71.962,71.620,70.411,71.040,70.790,71.149,69.707,71.470,70.427,70.786,68.654,67.245,65.111,63.718,63.689,65.531,72.082,124.268,62.971,60.302,59.891,63.213,66.657,63.361,64.158,63.503,62.828,62.296,61.080,61.359,66.555,60.609,59.899,61.079,64.766,68.186,64.078,64.697,64.726,63.720,62.928,62.945,62.272
Mean (nm),83.232,83.037,82.324,82.194,82.479,81.567,81.839,81.632,81.856,80.284,82.109,81.171,81.022,78.675,76.485,75.718,75.384,75.985,76.139,81.891,149.766,87.591,84.183,83.605,86.795,90.157,85.162,85.833,85.360,84.325,83.495,81.843,83.070,91.932,85.066,82.987,84.236,87.730,91.127,85.589,86.080,85.843,84.995,84.027,83.444,81.437
Geo. Mean (nm),70.417,70.100,69.500,69.571,69.326,68.577,68.942,68.962,69.101,67.619,69.796,68.314,68.392,67.622,64.797,64.386,63.814,63.935,65.049,70.260,124.314,64.409,62.494,62.148,65.004,68.115,64.825,65.691,65.374,64.897,64.780,63.763,64.475,68.548,62.988,62.062,62.981,66.187,69.283,65.588,66.221,66.379,65.909,65.591,65.606,64.294
Mode (nm),79.148,76.351,85.053,85.053,73.653,76.351,82.047,68.539,68.539,68.539,73.653,68.539,82.047,68.539,82.047,66.117,55.232,59.352,59.352,71.050,135.773,73.653,66.117,55.232,63.780,66.117,66.117,61.527,63.780,55.232,47.829,68.539,49.581,61.527,57.255,61.527,66.117,68.539,63.780,59.352,59.352,66.117,57.255,49.581,71.050,61.527
Geo. Std. Dev.,1.796,1.800,1.804,1.802,1.820,1.816,1.816,1.801,1.804,1.812,1.782,1.813,1.805,1.736,1.796,1.774,1.784,1.809,1.755,1.736,1.845,2.167,2.136,2.132,2.120,2.104,2.077,2.063,2.057,2.041,2.015,1.996,1.996,2.138,2.147,2.117,2.122,2.106,2.091,2.060,2.048,2.032,2.021,1.997,1.976,1.966
Total Conc. (#/cm³),7.418766e+002,7.370092e+002,7.265354e+002,7.297694e+002,7.333199e+002,7.404796e+002,7.262949e+002,7.438475e+002,7.292646e+002,7.424990e+002,7.488704e+002,7.621494e+002,7.764182e+002,5.959897e+002,3.053972e+002,1.551878e+002,8.402187e+001,5.000239e+001,3.085620e+001,2.082598e+001,8.451415e+003,6.792431e+004,1.178304e+005,1.160544e+005,1.041614e+005,9.408399e+004,6.157696e+004,2.745575e+004,1.273938e+004,5.855266e+003,2.866770e+003,1.416991e+003,7.296960e+002,3.738068e+004,8.952190e+004,1.317661e+005,1.230237e+005,1.104801e+005,1.003836e+005,5.745964e+004,2.572858e+004,1.200125e+004,5.758215e+003,2.788540e+003,1.404757e+003,7.611147e+002
Title,,,,,,,,,,,,,,,,,,,,,,,,,,,,,,,,,,,,,,,,,,,,,,
User Name,vancelab,vancelab,vancelab,vancelab,vancelab,vancelab,vancelab,vancelab,vancelab,vancelab,vancelab,vancelab,vancelab,vancelab,vancelab,vancelab,vancelab,vancelab,vancelab,vancelab,vancelab,vancelab,vancelab,vancelab,vancelab,vancelab,vancelab,vancelab,vancelab,vancelab,vancelab,vancelab,vancelab,vancelab,vancelab,vancelab,vancelab,vancelab,vancelab,vancelab,vancelab,vancelab,vancelab,vancelab,vancelab,vancelab
Sample ID,,,,,,,,,,,,,,,,,,,,,,,,,,,,,,,,,,,,,,,,,,,,,,
Instrument ID,,,,,,,,,,,,,,,,,,,,,,,,,,,,,,,,,,,,,,,,,,,,,,
Lab ID,,,,,,,,,,,,,,,,,,,,,,,,,,,,,,,,,,,,,,,,,,,,,,
Leak Test and Leakage Rate,,,,,,,,,,,,,,,,,,,,,,,,,,,,,,,,,,,,,,,,,,,,,,
Instrument Errors,Normal Scan,Normal Scan,Normal Scan,Normal Scan,Normal Scan,Normal Scan,Normal Scan,Normal Scan,Normal Scan,Normal Scan,Normal Scan,Normal Scan,Normal Scan,Low aerosol flow;Sheath flow error;Detector aerosol flow rate error,Normal Scan,Normal Scan,Normal Scan,Normal Scan,Normal Scan,Normal Scan,Normal Scan,Normal Scan,Normal Scan,Normal Scan,Normal Scan,Normal Scan,Normal Scan,Normal Scan,Normal Scan,Normal Scan,Normal Scan,Normal Scan,Normal Scan,Normal Scan,Normal Scan,Normal Scan,Normal Scan,Normal Scan,Normal Scan,Normal Scan,Normal Scan,Normal Scan,Normal Scan,Normal Scan,Normal Scan,Normal Scan
Comment,,,,,,,,,,,,,,,,,,,,,,,,,,,,,,,,,,,,,,,,,,,,,,
