Sample File,C:\Users\VanceLab\Desktop\VL_CU_APS_OPS_SMPS_PA_20220622\VL_CU_APS_Collocation_20220622.A21
Sample Time,155
Density,1
Stokes Correction,off
Lower Channel Bound,0.486968
Upper Channel Bound,20.5353
Sample #,1,2,3,4,5,6,7,8,9,10,11,12,13,14,15,16,17,18,19,20,21,22,23,24,25,26,27,28,29,30,31,32,33,34,35,36,37,38,39,40,41,42,43,44,45,46
Date,06/22/22,06/22/22,06/22/22,06/22/22,06/22/22,06/22/22,06/22/22,06/22/22,06/22/22,06/22/22,06/22/22,06/22/22,06/22/22,06/22/22,06/22/22,06/22/22,06/22/22,06/22/22,06/22/22,06/22/22,06/22/22,06/22/22,06/22/22,06/22/22,06/22/22,06/22/22,06/22/22,06/22/22,06/22/22,06/22/22,06/22/22,06/22/22,06/22/22,06/22/22,06/22/22,06/22/22,06/22/22,06/22/22,06/22/22,06/22/22,06/22/22,06/22/22,06/22/22,06/22/22,06/22/22,06/22/22
Start Time,13:25:00,13:28:00,13:31:01,13:34:00,13:37:01,13:40:00,13:43:00,13:46:00,13:49:00,13:52:00,13:55:00,13:58:00,14:01:00,14:04:00,14:07:00,14:10:00,14:13:00,14:16:00,14:19:00,14:22:00,14:25:00,14:28:01,14:31:00,14:34:00,14:37:00,14:40:00,14:43:00,14:46:00,14:49:00,14:52:00,14:55:00,14:58:00,15:01:00,15:04:00,15:07:00,15:10:00,15:13:00,15:16:00,15:19:00,15:22:00,15:25:00,15:28:00,15:31:00,15:34:00,15:37:01,15:40:00
Aerodynamic Diameter,dM,dM,dM,dM,dM,dM,dM,dM,dM,dM,dM,dM,dM,dM,dM,dM,dM,dM,dM,dM,dM,dM,dM,dM,dM,dM,dM,dM,dM,dM,dM,dM,dM,dM,dM,dM,dM,dM,dM,dM,dM,dM,dM,dM,dM,dM
<0.523,5.36781e-006,4.5575e-006,4.20787e-006,4.00632e-006,4.26545e-006,3.93228e-006,4.22021e-006,3.88292e-006,4.05979e-006,3.96519e-006,3.91171e-006,4.10915e-006,4.16262e-006,2.84638e-006,1.3327e-006,6.78689e-007,2.59136e-007,2.2623e-007,1.48078e-007,1.48078e-007,0.00104277,0.00397071,0.00623812,0.00629921,0.00599794,0.00581527,0.00365356,0.00164682,0.000733428,0.000316549,0.000148053,6.63058e-005,0.00011351,0.00237534,0.00499575,0.00671592,0.00654686,0.00637723,0.00604715,0.00335232,0.00151099,0.00067794,0.00030599,0.000141825,6.65608e-005,3.07631e-005
0.542,1.79961e-006,1.48347e-006,1.38619e-006,1.143e-006,1.04572e-006,1.36187e-006,1.11868e-006,9.24126e-007,1.19164e-006,9.97084e-007,9.72765e-007,9.48446e-007,1.38619e-006,8.75488e-007,3.16149e-007,2.43191e-007,0,2.43191e-008,2.43191e-008,0,0.000681543,0.0025859,0.004079,0.00408423,0.00394529,0.00381997,0.00241681,0.00106865,0.000492146,0.000209923,9.35556e-005,4.16586e-005,7.28358e-005,0.00153505,0.00326338,0.00444315,0.00432486,0.00417506,0.00400429,0.00220686,0.000977337,0.00045056,0.000202505,9.28747e-005,4.39203e-005,1.99174e-005
0.583,1.93142e-006,1.35803e-006,1.50893e-006,1.78053e-006,1.08643e-006,1.35803e-006,1.17696e-006,1.29768e-006,1.38821e-006,1.23732e-006,1.20714e-006,1.02607e-006,1.38821e-006,8.75177e-007,3.01785e-007,9.05355e-008,2.1125e-007,6.0357e-008,3.01785e-008,0,0.000803442,0.00305941,0.00488521,0.00480692,0.00473631,0.00455629,0.00286907,0.00126282,0.000580846,0.000252473,0.000115101,4.96135e-005,9.3825e-005,0.00179671,0.00386493,0.00528486,0.00518005,0.00498268,0.0047698,0.00259647,0.00116824,0.000526675,0.000237384,0.000107707,5.11526e-005,2.42333e-005
0.626,1.68523e-006,1.72268e-006,1.61034e-006,1.46054e-006,1.57289e-006,1.61034e-006,1.53544e-006,1.34819e-006,1.42309e-006,1.04859e-006,1.34819e-006,1.19839e-006,1.19839e-006,9.73691e-007,3.74497e-007,3.37047e-007,1.12349e-007,0,3.74497e-008,1.12349e-007,0.0008925,0.0033783,0.00540339,0.00534234,0.00525119,0.00506301,0.00315566,0.00139927,0.000633611,0.000277876,0.000120363,5.45267e-005,0.000100964,0.00201985,0.00431487,0.00590952,0.00579451,0.00556176,0.00535066,0.00288767,0.00128231,0.000580769,0.000271585,0.000119202,5.45267e-005,2.55032e-005
0.673,1.99833e-006,2.32363e-006,1.85891e-006,2.18422e-006,1.95185e-006,1.99833e-006,1.58007e-006,1.58007e-006,1.39418e-006,1.44065e-006,1.99833e-006,1.67302e-006,1.30124e-006,1.20829e-006,5.112e-007,2.78836e-007,1.39418e-007,0,4.64727e-008,9.29454e-008,0.000937865,0.00356878,0.00568872,0.00566414,0.00552161,0.00530634,0.00332001,0.00145511,0.000655915,0.000282693,0.000123013,5.59531e-005,0.00011028,0.00213393,0.00460767,0.00629974,0.00619797,0.00593507,0.00567613,0.00306552,0.00134176,0.000607816,0.000279068,0.000125151,5.29789e-005,2.37475e-005
0.723,3.28717e-006,2.82582e-006,2.4798e-006,2.30679e-006,2.01844e-006,1.9031e-006,1.61475e-006,1.55708e-006,1.49941e-006,1.49941e-006,1.61475e-006,2.65281e-006,2.01844e-006,1.49941e-006,5.76697e-007,3.46018e-007,1.15339e-007,1.15339e-007,1.15339e-007,5.76697e-008,0.000954491,0.00363665,0.00584015,0.00575371,0.00565054,0.00544604,0.00340574,0.00146193,0.000667123,0.000286042,0.000126412,5.76697e-005,0.000111822,0.00221411,0.00479414,0.00651991,0.00640468,0.00614252,0.00587441,0.00314179,0.00139728,0.000624851,0.00027768,0.000124163,5.692e-005,2.62397e-005
0.777,3.4351e-006,3.14884e-006,2.79102e-006,2.07537e-006,2.79102e-006,2.86258e-006,2.29006e-006,1.86068e-006,2.43319e-006,1.78911e-006,2.50476e-006,2.2185e-006,1.78911e-006,1.2166e-006,8.58774e-007,1.43129e-007,1.43129e-007,7.15645e-008,0,7.15645e-008,0.00100119,0.00384552,0.00608084,0.00597564,0.00583881,0.00560135,0.00347889,0.00152203,0.000675211,0.000300356,0.00012581,5.38881e-005,0.000118296,0.00236206,0.00505661,0.00685474,0.00672885,0.00644045,0.00610574,0.00327572,0.00144868,0.000644725,0.000279817,0.000130677,5.86829e-005,2.69798e-005
0.835,3.19706e-006,2.66421e-006,2.22018e-006,1.86495e-006,2.93064e-006,2.30899e-006,2.66421e-006,1.86495e-006,2.22018e-006,1.50972e-006,2.04256e-006,1.68734e-006,2.30899e-006,1.86495e-006,7.99264e-007,2.66421e-007,1.77614e-007,1.77614e-007,0,0,0.00101986,0.00392643,0.00628293,0.00617964,0.00602743,0.00575523,0.00360113,0.00155066,0.000688344,0.000289866,0.000127083,5.54156e-005,0.000120689,0.00249983,0.0053056,0.00722393,0.00698211,0.00668158,0.00637662,0.00338453,0.00149187,0.000670583,0.000302211,0.000131879,5.90567e-005,2.69974e-005
0.898,3.41633e-006,3.30612e-006,3.19592e-006,2.31429e-006,2.42449e-006,3.30612e-006,1.87347e-006,1.87347e-006,1.54286e-006,2.53469e-006,2.09388e-006,1.76327e-006,2.20408e-006,1.76327e-006,1.10204e-006,4.40816e-007,5.51021e-007,1.10204e-007,0,0,0.00103812,0.00398498,0.00632847,0.0062327,0.0060663,0.00577844,0.00359232,0.00152148,0.000687674,0.000276392,0.000126294,5.41102e-005,0.000121335,0.00253172,0.00540176,0.00733926,0.00711621,0.00679937,0.00647152,0.00342569,0.00146792,0.000636539,0.000284988,0.000121665,5.69755e-005,2.76612e-005
0.965,3.28215e-006,3.41891e-006,2.87188e-006,2.46162e-006,2.87188e-006,3.82918e-006,3.55567e-006,3.55567e-006,1.91459e-006,2.46162e-006,2.59837e-006,3.55567e-006,3.00864e-006,2.73513e-006,5.47026e-007,6.83782e-007,1.36756e-007,0,4.10269e-007,0,0.000965774,0.00374453,0.00601332,0.00595219,0.0057558,0.00550404,0.00339511,0.00142035,0.00062949,0.000277205,0.000109268,4.92323e-005,0.000125679,0.00245026,0.00519934,0.00711106,0.0068995,0.00655022,0.00618919,0.00327586,0.00140244,0.00061978,0.000265171,0.000120482,4.73177e-005,2.0787e-005
1.037,3.56383e-006,2.03647e-006,1.86677e-006,1.86677e-006,3.56383e-006,3.56383e-006,3.05471e-006,2.88501e-006,2.54559e-006,2.03647e-006,1.35765e-006,2.88501e-006,3.39412e-006,3.73354e-006,1.35765e-006,1.69706e-007,3.39412e-007,0,1.69706e-007,0,0.000850567,0.00335187,0.00542432,0.00529517,0.00517298,0.00494303,0.0030486,0.00127093,0.000549678,0.000223842,9.63931e-005,4.31054e-005,0.000118964,0.00220618,0.00474753,0.00646971,0.00629882,0.00598231,0.00565767,0.00297122,0.0012414,0.000532708,0.000238946,9.69022e-005,4.02204e-005,2.24012e-005
1.114,2.73773e-006,3.36952e-006,3.15892e-006,2.10595e-006,2.52714e-006,2.94833e-006,4.42249e-006,2.10595e-006,3.79071e-006,2.10595e-006,3.79071e-006,2.52714e-006,2.73773e-006,2.10595e-006,8.42379e-007,4.2119e-007,2.10595e-007,0,0,0,0.000728869,0.00292327,0.00472701,0.00459771,0.00449178,0.00427002,0.0025562,0.00106329,0.000458044,0.000188693,7.62353e-005,3.2221e-005,0.00010614,0.00198591,0.00423717,0.00574755,0.00554244,0.00521012,0.00493992,0.00257031,0.0010753,0.000450673,0.000193326,8.2132e-005,3.39058e-005,1.83218e-005
1.197,1.82935e-006,3.39736e-006,5.48804e-006,3.92003e-006,3.13602e-006,2.35202e-006,2.61335e-006,2.35202e-006,3.39736e-006,2.61335e-006,2.61335e-006,3.39736e-006,4.18136e-006,3.39736e-006,1.30668e-006,5.2267e-007,0,0,2.61335e-007,0,0.000656735,0.00249993,0.0040797,0.00393649,0.00380844,0.00362393,0.00219548,0.000908662,0.000385469,0.000154972,6.16751e-005,2.50882e-005,9.06833e-005,0.00172795,0.00369319,0.00500457,0.00484489,0.0045258,0.00421821,0.00220175,0.00091598,0.000398013,0.000164118,6.92538e-005,2.79629e-005,1.88161e-005
1.286,3.56731e-006,2.59441e-006,1.9458e-006,2.59441e-006,5.51311e-006,5.83741e-006,3.56731e-006,2.59441e-006,2.2701e-006,1.6215e-006,1.6215e-006,3.24301e-006,4.21591e-006,2.91871e-006,0,9.72902e-007,0,3.24301e-007,3.24301e-007,3.24301e-007,0.000530232,0.00202201,0.003303,0.00325014,0.00313307,0.00293168,0.00182873,0.000740378,0.000305491,0.000130369,5.31853e-005,2.56198e-005,6.94003e-005,0.00147427,0.0030721,0.00420942,0.00408651,0.00373302,0.00353585,0.00179338,0.000761782,0.000321706,0.000152746,5.90227e-005,2.62684e-005,1.10262e-005
1.382,4.82924e-006,2.01218e-006,4.02437e-006,3.2195e-006,5.23168e-006,5.63412e-006,6.43899e-006,3.2195e-006,3.62193e-006,2.81706e-006,2.41462e-006,2.01218e-006,4.82924e-006,2.41462e-006,1.20731e-006,1.20731e-006,0,0,0,0,0.0004294,0.00170915,0.00278849,0.00268828,0.00259411,0.00242629,0.00141457,0.000587155,0.000248706,9.89995e-005,4.38656e-005,1.52926e-005,5.91582e-005,0.00124554,0.0025764,0.00359215,0.00336397,0.0031217,0.00291405,0.00147735,0.000636655,0.000263194,0.000116707,5.35241e-005,2.05243e-005,1.08658e-005
1.486,5.49339e-006,3.49579e-006,5.99279e-006,3.99519e-006,4.49459e-006,8.48978e-006,4.49459e-006,1.9976e-006,1.9976e-006,3.99519e-006,2.497e-006,4.99399e-006,5.99279e-006,2.497e-006,2.99639e-006,4.99399e-007,4.99399e-007,0,0,9.98798e-007,0.000293147,0.00127197,0.00213992,0.00194616,0.00190121,0.00182381,0.00108669,0.000421992,0.000181781,7.39111e-005,4.29483e-005,1.34838e-005,5.34357e-005,0.000962342,0.00200908,0.00272672,0.00256042,0.00235666,0.00219336,0.00112714,0.000468936,0.000193767,8.83936e-005,3.54573e-005,1.19856e-005,7.99038e-006
1.596,4.95779e-006,3.09862e-006,4.95779e-006,3.71834e-006,2.47889e-006,5.57751e-006,5.57751e-006,3.09862e-006,3.09862e-006,2.47889e-006,3.71834e-006,3.71834e-006,6.19723e-006,3.09862e-006,1.85917e-006,0,1.85917e-006,0,6.19723e-007,0,0.000211945,0.000822992,0.00141607,0.00137269,0.00132683,0.00124316,0.00069471,0.000285073,0.000113409,5.01976e-005,1.61128e-005,7.43668e-006,3.84228e-005,0.000662484,0.00135286,0.00186661,0.00175753,0.00159269,0.00151894,0.000724456,0.000288171,0.000122085,4.27609e-005,2.78875e-005,9.91557e-006,7.43668e-006
1.715,6.1523e-006,1.53808e-006,1.53808e-006,6.1523e-006,7.69038e-006,6.92134e-006,3.84519e-006,3.07615e-006,3.07615e-006,4.61423e-006,2.30711e-006,2.30711e-006,3.84519e-006,6.1523e-006,2.30711e-006,7.69038e-007,7.69038e-007,0,0,7.69038e-007,0.00016765,0.000685213,0.00116355,0.00111587,0.00103051,0.000992828,0.000578317,0.000228404,9.61297e-005,2.99925e-005,1.9995e-005,8.45942e-006,2.23021e-005,0.000573702,0.00114202,0.00153192,0.00144425,0.00128968,0.00115817,0.000555245,0.000233788,0.000106896,4.22971e-005,1.84569e-005,8.45942e-006,9.22846e-006
1.843,5.72597e-006,7.63463e-006,5.72597e-006,6.6803e-006,2.86298e-006,4.77164e-006,7.63463e-006,7.63463e-006,0,9.54328e-007,4.77164e-006,1.90866e-006,2.86298e-006,4.77164e-006,1.90866e-006,9.54328e-007,0,0,0,0,0.00012788,0.000536332,0.000973415,0.000907566,0.000856032,0.000773006,0.000429448,0.000168916,6.20313e-005,3.05385e-005,9.54328e-006,1.14519e-005,2.67212e-005,0.000422767,0.000877982,0.00127975,0.00115378,0.00106598,0.000898023,0.000471438,0.000178459,7.63463e-005,3.43558e-005,1.52693e-005,3.81731e-006,8.58895e-006
1.981,1.18426e-006,4.73705e-006,2.36852e-006,5.92131e-006,4.73705e-006,2.36852e-006,5.92131e-006,1.18426e-006,4.73705e-006,1.18426e-006,7.10557e-006,4.73705e-006,8.28983e-006,7.10557e-006,1.18426e-006,1.18426e-006,0,1.18426e-006,0,0,0.000100662,0.000374227,0.000695162,0.000685688,0.000628843,0.000575551,0.000315014,0.000123163,5.21075e-005,2.01325e-005,8.28983e-006,4.73705e-006,2.01325e-005,0.000316198,0.00063358,0.000892934,0.000838457,0.000775692,0.000720031,0.000324488,0.00011961,4.02649e-005,2.36852e-005,0,1.18426e-006,3.55279e-006
2.129,2.93919e-006,2.93919e-006,1.4696e-006,4.40879e-006,4.40879e-006,5.87838e-006,2.93919e-006,2.93919e-006,2.93919e-006,1.4696e-006,4.40879e-006,2.93919e-006,1.17568e-005,5.87838e-006,1.4696e-006,0,0,0,0,0,5.4375e-005,0.000277754,0.00050995,0.000462923,0.000411487,0.000390912,0.000230727,9.40541e-005,2.35135e-005,1.76351e-005,1.4696e-006,1.4696e-006,2.20439e-005,0.000224848,0.000464392,0.000684832,0.000531994,0.000526115,0.000505541,0.000216031,6.9071e-005,2.05743e-005,1.32264e-005,4.40879e-006,1.4696e-006,1.02872e-005
2.288,5.47103e-006,5.47103e-006,9.11838e-006,7.2947e-006,9.11838e-006,9.11838e-006,3.64735e-006,1.82368e-006,3.64735e-006,0,9.11838e-006,5.47103e-006,7.2947e-006,9.11838e-006,1.82368e-006,1.82368e-006,0,0,0,0,4.01209e-005,0.000173249,0.000324614,0.000304554,0.000311849,0.000264433,0.000153189,4.92393e-005,2.55315e-005,1.82368e-005,0,5.47103e-006,3.64735e-006,0.00010395,0.000299083,0.000377501,0.000421269,0.000328262,0.000264433,0.000138599,3.10025e-005,1.45894e-005,3.64735e-006,1.82368e-006,1.82368e-006,3.64735e-006
2.458,4.52614e-006,9.05228e-006,2.26307e-006,9.05228e-006,6.78921e-006,4.52614e-006,4.52614e-006,6.78921e-006,6.78921e-006,0,9.05228e-006,4.52614e-006,1.13153e-005,9.05228e-006,6.78921e-006,2.26307e-006,0,0,0,0,1.81046e-005,0.000149363,0.000246675,0.000214992,0.000205939,0.000192361,0.000106364,4.97875e-005,1.13153e-005,9.05228e-006,6.78921e-006,6.78921e-006,1.35784e-005,6.11029e-005,0.000214992,0.000300988,0.00025799,0.000205939,0.000185572,0.000124469,2.26307e-005,4.52614e-006,2.26307e-006,2.26307e-006,0,4.52614e-006
2.642,5.61665e-006,8.42498e-006,8.42498e-006,8.42498e-006,1.40416e-005,1.40416e-005,5.61665e-006,0,2.80833e-006,0,1.12333e-005,2.80833e-006,2.80833e-006,2.80833e-006,2.80833e-006,0,0,2.80833e-006,0,0,8.42498e-006,8.98665e-005,0.000176925,0.000210625,0.000196583,0.000137608,9.26748e-005,2.24666e-005,1.40416e-005,8.42498e-006,0,5.61665e-006,5.61665e-006,6.17832e-005,0.000131991,0.000210625,0.000199391,0.0001685,0.000154458,6.45915e-005,1.96583e-005,2.80833e-006,0,0,0,1.12333e-005
2.839,3.48496e-006,0,3.48496e-006,6.96992e-006,2.09098e-005,6.96992e-006,1.04549e-005,1.04549e-005,3.48496e-006,0,3.48496e-006,3.48496e-006,3.48496e-006,6.96992e-006,0,0,3.48496e-006,0,0,3.48496e-006,6.96992e-006,0.000108034,0.000132428,0.000153338,0.000149853,0.000111519,5.57594e-005,2.43947e-005,2.43947e-005,3.48496e-006,3.48496e-006,6.96992e-006,6.96992e-006,5.57594e-005,9.40939e-005,0.000184703,0.000156823,0.000111519,0.000191673,4.53045e-005,1.74248e-005,2.09098e-005,0,0,3.48496e-006,6.96992e-006
3.051,4.32462e-006,0,4.32462e-006,0,8.64924e-006,0,4.32462e-006,4.32462e-006,0,0,4.32462e-006,4.32462e-006,1.29739e-005,4.32462e-006,8.64924e-006,0,0,0,0,0,2.16231e-005,7.78431e-005,0.00011244,0.000125414,0.000134063,0.000129739,3.45969e-005,5.622e-005,8.64924e-006,8.64924e-006,4.32462e-006,0,8.64924e-006,2.59477e-005,5.622e-005,0.000155686,0.000116765,9.94662e-005,9.94662e-005,4.75708e-005,1.72985e-005,8.64924e-006,0,4.32462e-006,1.29739e-005,1.72985e-005
3.278,1.07332e-005,1.07332e-005,2.14663e-005,1.07332e-005,1.60997e-005,1.60997e-005,0,0,1.07332e-005,0,0,1.07332e-005,0,1.07332e-005,0,1.07332e-005,0,0,0,0,1.60997e-005,5.36658e-005,9.12319e-005,0.000107332,5.90324e-005,0.000150264,4.82992e-005,2.68329e-005,5.36658e-006,5.36658e-006,0,0,5.36658e-006,5.90324e-005,0.000112698,0.000150264,0.000112698,0.000107332,0.000139531,5.90324e-005,1.60997e-005,1.07332e-005,0,0,0,0
3.523,1.33192e-005,6.65959e-006,0,1.33192e-005,1.33192e-005,6.65959e-006,6.65959e-006,1.33192e-005,6.65959e-006,6.65959e-006,0,6.65959e-006,6.65959e-006,6.65959e-006,0,0,6.65959e-006,0,0,0,1.33192e-005,8.65747e-005,9.32343e-005,0.00016649,0.000119873,0.000139851,4.66172e-005,6.65959e-005,1.99788e-005,6.65959e-006,6.65959e-006,6.65959e-006,6.65959e-006,5.99363e-005,8.65747e-005,7.32555e-005,0.000106554,0.000126532,0.000126532,5.32768e-005,6.65959e-006,1.99788e-005,6.65959e-006,0,0,6.65959e-006
3.786,1.65283e-005,0,0,2.47924e-005,1.65283e-005,1.65283e-005,8.26414e-006,2.47924e-005,8.26414e-006,0,8.26414e-006,0,0,0,0,0,0,0,0,0,2.47924e-005,8.26414e-005,0.000157019,0.000165283,0.000181811,0.000123962,0.00014049,2.47924e-005,1.65283e-005,1.65283e-005,0,0,0,4.95849e-005,0.000132226,0.000181811,0.000165283,0.000165283,9.91697e-005,6.61131e-005,3.30566e-005,1.65283e-005,8.26414e-006,0,8.26414e-006,0
4.068,1.02553e-005,1.02553e-005,0,3.07659e-005,2.05106e-005,0,1.02553e-005,1.02553e-005,2.05106e-005,0,0,0,0,0,0,1.02553e-005,0,0,0,0,2.05106e-005,6.15317e-005,0.000164085,0.000297403,0.000225616,0.000215361,0.000102553,2.05106e-005,2.05106e-005,2.05106e-005,0,2.05106e-005,0,4.10211e-005,0.000112808,0.000205106,0.00017434,6.15317e-005,0.000184595,4.10211e-005,5.12764e-005,0,0,0,1.02553e-005,4.10211e-005
4.371,0,1.27262e-005,0,0,1.27262e-005,0,2.54523e-005,0,0,0,0,2.54523e-005,0,0,0,0,0,0,0,0,2.54523e-005,8.90832e-005,0.000216345,0.000241797,0.000178166,0.000114536,0.000178166,6.36309e-005,0,1.27262e-005,0,1.27262e-005,1.27262e-005,0.000203619,0.000178166,0.000229071,0.000203619,0.000178166,0.000139988,7.6357e-005,5.09047e-005,1.27262e-005,0,0,1.27262e-005,2.54523e-005
4.698,1.57924e-005,0,1.57924e-005,1.57924e-005,3.15848e-005,0,3.15848e-005,1.57924e-005,0,1.57924e-005,0,1.57924e-005,0,1.57924e-005,0,0,0,0,0,0,7.89619e-005,4.73772e-005,0.000236886,0.000315848,0.000205301,0.000268471,9.47543e-005,4.73772e-005,0,1.57924e-005,0,0,0,4.73772e-005,9.47543e-005,0.000252678,0.000315848,0.000142131,0.000268471,0.000126339,4.73772e-005,1.57924e-005,1.57924e-005,0,0,3.15848e-005
5.048,0,1.95974e-005,0,0,1.95974e-005,0,0,3.91947e-005,0,0,0,0,1.95974e-005,0,0,0,0,0,0,0,1.95974e-005,0.000176376,0.000352753,0.000215571,0.000156779,0.000293961,0.000176376,5.87921e-005,3.91947e-005,0,0,0,0,3.91947e-005,0.000215571,0.000274363,0.000137182,0.000235168,0.000215571,0.000156779,3.91947e-005,7.83895e-005,0,1.95974e-005,1.95974e-005,1.95974e-005
5.425,0,0,0,2.43191e-005,2.43191e-005,0,0,2.43191e-005,0,0,0,0,0,0,0,0,0,0,0,0,4.86382e-005,0.000170234,0.00026751,0.00026751,0.000194553,0.000413425,0.000121596,7.29573e-005,0,0,0,4.86382e-005,0,2.43191e-005,0.000243191,0.000364787,0.000291829,0.000316148,0.00026751,7.29573e-005,9.72764e-005,4.86382e-005,0,0,0,2.43191e-005
5.829,3.01785e-005,0,0,3.01785e-005,0,0,0,0,6.0357e-005,0,3.01785e-005,0,0,3.01785e-005,0,0,0,0,0,0,6.0357e-005,0.000181071,0.000301785,0.000452678,0.000241428,0.000181071,0.00021125,9.05355e-005,0,0,0,0,0,6.0357e-005,9.05355e-005,0.000392321,0.000271607,0.000271607,0.000392321,0.000120714,6.0357e-005,3.01785e-005,0,3.01785e-005,3.01785e-005,6.0357e-005
6.264,0,3.74496e-005,0,0,0.000112349,3.74496e-005,0,0,0,0,3.74496e-005,0,0,3.74496e-005,0,0,0,0,0,0,0.000112349,0.000187248,0.000374496,0.000561745,0.000262148,0.000224698,0.000187248,7.48993e-005,3.74496e-005,0,0,0,0,0.000112349,0.000262148,0.000337047,0.000411946,0.000561745,0.000262148,0.000224698,7.48993e-005,7.48993e-005,0,0,0,3.74496e-005
6.732,0,9.29454e-005,0,9.29454e-005,0,4.64727e-005,0,4.64727e-005,0,0,4.64727e-005,0,0,0,0,0,0,0,0,0,0,0.000325309,0.000557672,0.000278836,0.000232363,0.000325309,0.000139418,0.000278836,9.29454e-005,0,0,0,0,0.000139418,0.000185891,0.000418254,0.000557672,0.000232363,0.000185891,0.000232363,0.000185891,0,0,0,0,4.64727e-005
7.234,0,5.76697e-005,0,0,0,0,0,0,0,5.76697e-005,0,0,0,0,0,0,0,0,0,0,0.000230679,0.000403688,0.000461358,0.000288349,0.000288349,0.000749706,0.000288349,0.000115339,0,0,0,0,0,0.000115339,0.000346018,0.000288349,0.000346018,0.000519027,0.000692037,0.000173009,0.000115339,5.76697e-005,0,0,0,0
7.774,0,0,0,0,0,0,0,0,0,0,0,0,7.15645e-005,0,0,0,0,0,0,0,0.000143129,0.000429387,0.000429387,7.15645e-005,0.000429387,0.000143129,0.000214694,0.000214694,0.000214694,0,0,0,7.15645e-005,0.000572516,0.000429387,0.000286258,0.000572516,0.000357823,0.000143129,0.000357823,0.000143129,7.15645e-005,7.15645e-005,0,0,7.15645e-005
8.354,0,0,8.88071e-005,0,0,0,0,0,0,0,0,0,0,0,0,0,0,0,0,0,0.000355228,0.000266421,0.000799264,0.000266421,0.000532843,0.000532843,0.000266421,0.000355228,8.88071e-005,0,0,0,0,0.000266421,0.000444036,0.000444036,0.000532843,0.000444036,0.000444036,0.000355228,0.000177614,0,0,0,0,0
8.977,0,0,0,0.000110204,0,0,0,0,0,0,0,0,0,0,0,0,0,0,0,0,0.000110204,0.000220408,0.000440816,0.000881633,0.000661225,0.000440816,0.000330612,0.000110204,0.000110204,0,0,0,0,0,0.000551021,0.000220408,0.000110204,0.000551021,0.000220408,0.000220408,0.000330612,0.000110204,0,0,0,0
9.647,0,0,0,0,0.000136756,0,0,0,0,0,0,0,0,0.000136756,0,0,0,0,0,0,0.000273513,0.000820539,0.000820539,0.000683782,0.000136756,0.000547026,0.000136756,0.000273513,0.000136756,0,0,0,0,0.000273513,0.000683782,0.000410269,0.000683782,0.000547026,0.000957295,0,0.000410269,0,0,0,0,0
10.37,0,0,0,0.000169706,0,0,0.000169706,0,0,0,0,0,0,0,0,0,0,0,0,0,0,0.000509119,0.000509119,0.00118794,0.000509119,0.000509119,0.000509119,0.000169706,0,0,0,0,0,0.000339412,0.000339412,0.000509119,0.000509119,0.000848531,0.00135765,0.000509119,0.000339412,0,0,0,0,0
11.14,0,0,0,0.000210595,0,0,0,0,0,0,0,0,0,0,0,0,0,0,0,0,0,0.000631785,0.000631785,0.000210595,0.000631785,0.000631785,0.000631785,0.00042119,0,0,0,0,0,0.000210595,0.00042119,0.00042119,0.00042119,0.00084238,0.000210595,0,0.000210595,0,0,0,0,0
11.97,0,0,0,0,0,0,0,0,0,0,0,0,0,0,0,0,0,0,0,0,0,0.000784005,0.00130668,0.00104534,0.000261335,0.000784005,0.000261335,0.000261335,0.000261335,0,0,0,0,0.000261335,0.00052267,0.00052267,0.000784005,0.000261335,0.000784005,0,0,0,0.000261335,0,0,0
12.86,0,0,0,0,0,0,0,0,0,0,0,0,0,0,0,0,0,0,0,0,0,0.000324301,0.000648601,0.000648601,0.000648601,0.000648601,0.000648601,0,0,0,0.000324301,0,0,0.000648601,0.000648601,0.0016215,0.000648601,0.000324301,0.000324301,0,0.000648601,0,0,0,0,0
13.82,0,0,0,0,0,0,0,0,0,0.000402437,0,0,0,0,0,0,0,0,0,0,0,0.000402437,0.000804874,0.000402437,0.000402437,0.000804874,0.000804874,0,0,0,0.000402437,0,0,0.000402437,0.000402437,0.000402437,0.000402437,0.000402437,0.000402437,0.000804874,0.000402437,0,0,0,0,0
14.86,0,0,0,0,0,0,0,0,0,0,0,0,0,0,0,0,0,0,0,0,0,0.000499399,0,0.000998798,0.0014982,0,0,0,0.000499399,0,0,0,0.000499399,0.000499399,0.000499399,0.000499399,0,0.000998798,0.000499399,0,0,0.000998798,0,0,0,0
15.96,0,0,0,0,0,0,0,0,0,0,0,0,0,0,0,0,0,0,0,0,0,0.000619723,0.000619723,0.000619723,0.000619723,0.000619723,0.00185917,0,0,0,0,0,0,0,0.000619723,0,0,0.00123945,0,0,0,0,0,0,0,0
17.15,0,0,0,0,0,0,0,0,0,0,0,0,0,0,0,0,0,0,0,0,0,0,0,0,0,0,0.000769038,0,0,0,0,0,0,0.000769038,0,0,0,0,0.000769038,0,0.000769038,0.000769038,0,0,0,0
18.43,0,0,0,0,0,0,0,0,0,0,0,0,0,0,0,0,0,0,0,0,0,0,0.000954328,0,0.000954328,0,0,0.000954328,0,0,0,0,0,0,0,0,0,0,0,0.000954328,0,0,0,0,0,0
19.81,0,0,0,0,0,0,0,0,0,0,0,0,0,0,0,0,0,0,0,0,0,0,0.00236852,0.00118426,0,0,0.00118426,0,0,0,0,0,0,0,0.00118426,0.00118426,0.00118426,0,0.00118426,0,0,0,0.00118426,0,0,0
Event 1,642,546,542,511,561,505,548,501,520,527,503,524,549,367,158,80,37,33,23,19,119093,452624,721324,725433,699544,677502,427989,192026,87364,38209,17614,7979,13475,272605,582343,793119,776585,754228,720073,396565,179784,81132,37234,17383,8185,3826
Event 3,0,1,0,1,0,1,0,0,0,0,0,0,0,0,0,0,0,0,0,0,3557,32797,81340,81434,75494,69483,27478,5316,1000,154,33,11,132,12223,53254,97974,92977,86010,77911,23218,4532,924,180,40,11,1
Event 4,0,0,0,0,0,0,0,0,1,1,0,0,0,0,0,0,0,0,0,0,24,69,112,127,118,91,60,31,10,4,2,4,1,33,77,102,114,94,90,54,24,11,4,0,3,0
Dead Time,5,4,4,4,4,4,3,3,3,3,3,3,3,2,1,0,0,0,0,0,1240,4834,7764,7758,7446,7169,4418,1926,851,364,164,73,136,2890,6231,8528,8299,7998,7581,4062,1778,791,353,160,73,34
Inlet Pressure,826.7,826.1,827.6,827.3,826.4,827,827.3,826.4,827,825.8,827.3,826.4,826.7,826.7,826.1,825.8,825.5,825.5,826.1,826.4,825.8,824.4,825.2,825.8,825.5,825.8,825,825.2,824.4,825.8,825,826.4,826.7,825.5,824.7,825.5,824.4,824.4,824.7,825.2,824.1,825.2,824.7,824.4,825,824.7
Total Flow,4.96,4.97,4.97,4.97,4.97,4.97,4.96,4.97,4.97,4.96,4.96,4.96,4.97,4.97,4.97,4.96,4.97,4.97,4.97,4.97,4.97,4.96,4.97,4.97,4.97,4.97,4.97,4.97,4.96,4.97,4.97,4.96,4.96,4.97,4.96,4.97,4.97,4.96,4.97,4.97,4.97,4.97,4.96,4.97,4.97,4.97
Sheath Flow,3.94,3.98,4.01,3.96,3.99,3.99,3.97,3.98,3.96,3.99,3.98,3.96,3.97,4.01,3.98,3.99,4,3.98,3.99,3.99,3.98,3.99,3.98,3.98,3.99,3.98,3.98,3.96,3.98,3.98,4,3.98,3.99,3.98,3.97,3.97,3.97,3.98,3.98,3.99,3.98,3.98,3.95,4.01,3.98,3.99
Analog Input Voltage 0,0,0,0,0,0,0,0,0,0,0,0,0,0,0,0,0,0,0,0,0,0,0,0,0,0,0,0,0,0,0,0,0,0,0,0,0,0,0,0,0,0,0,0,0,0,0
Analog Input Voltage 1,0,0,0,0,0,0,0,0,0,0,0,0,0,0,0,0,0,0,0,0,0,0,0,0,0,0,0,0,0,0,0,0,0,0,0,0,0,0,0,0,0,0,0,0,0,0
Digital Input Level 0,0,0,0,0,0,0,0,0,0,0,0,0,0,0,0,0,0,0,0,0,0,0,0,0,0,0,0,0,0,0,0,0,0,0,0,0,0,0,0,0,0,0,0,0,0,0
Digital Input Level 1,0,0,0,0,0,0,0,0,0,0,0,0,0,0,0,0,0,0,0,0,0,0,0,0,0,0,0,0,0,0,0,0,0,0,0,0,0,0,0,0,0,0,0,0,0,0
Digital Input Level 2,0,0,0,0,0,0,0,0,0,0,0,0,0,0,0,0,0,0,0,0,0,0,0,0,0,0,0,0,0,0,0,0,0,0,0,0,0,0,0,0,0,0,0,0,0,0
Laser Power,75,75,75,75,75,75,75,75,75,75,75,75,75,75,75,75,75,75,75,75,75,75,75,75,75,75,75,75,75,75,75,75,75,75,75,75,75,75,75,75,75,75,75,75,75,75
Laser Current,41.6,41.6,41.6,41.5,41.5,41.5,41.5,41.5,41.5,41.5,41.5,41.5,41.5,41.5,41.5,41.5,41.5,41.5,41.6,41.6,41.6,41.6,41.6,41.6,41.6,41.6,41.6,41.6,41.6,41.6,41.6,41.6,41.7,41.7,41.7,41.7,41.7,41.7,41.7,41.7,41.7,41.7,41.7,41.8,41.8,41.8
Sheath Pump Voltage,2.585,2.58,2.616,2.597,2.587,2.582,2.597,2.597,2.597,2.582,2.605,2.594,2.595,2.594,2.584,2.596,2.58,2.581,2.598,2.59,2.582,2.574,2.582,2.583,2.586,2.583,2.578,2.587,2.579,2.59,2.584,2.592,2.6,2.58,2.575,2.589,2.595,2.587,2.577,2.586,2.582,2.611,2.591,2.597,2.583,2.576
Total Pump Voltage,3.119,3.124,3.115,3.116,3.124,3.116,3.119,3.121,3.119,3.121,3.117,3.118,3.116,3.116,3.12,3.121,3.122,3.122,3.119,3.114,3.12,3.127,3.123,3.12,3.121,3.119,3.123,3.12,3.124,3.114,3.118,3.114,3.116,3.12,3.123,3.118,3.122,3.123,3.113,3.116,3.123,3.113,3.119,3.116,3.107,3.108
Box Temperature,28.6,28.6,28.6,28.5,28.8,28.5,28.5,28.5,28.5,28.5,28.5,28.6,28.1,28.8,29,29.1,29.2,29.5,29.5,29.6,30,29.7,29.7,29.7,30,30,29.9,30,30,30,29.9,29.9,30.3,30.3,30.2,30.3,30.3,30.5,30.3,30.2,30.3,30.3,30.3,30.2,30.5,30.6
Avalanch Photo Diode Temperature,26.1,25.6,25.6,25.6,25.6,25.6,25.6,25.6,25.6,25.6,25.6,25.6,25.6,25.6,25.6,25.6,25.6,26.1,26.1,26.1,26.1,26.1,26.1,26.1,26.1,26.1,26.1,26.6,26.6,26.6,26.6,26.6,26.6,26.6,26.6,26.6,26.6,26.6,26.6,26.6,26.6,27,27,27,27,27
Avalanch Photo Diode Voltage,230,229,229,229,229,229,229,229,229,229,229,229,229,229,229,229,229,230,230,230,230,230,230,230,230,230,230,230,230,230,230,230,230,230,230,230,230,230,230,230,230,230,230,230,230,230
Status Flags,0000 0000 0000 0000,0000 0000 0000 0000,0000 0000 0000 0000,0000 0000 0000 0000,0000 0000 0000 0000,0000 0000 0000 0000,0000 0000 0000 0000,0000 0000 0000 0000,0000 0000 0000 0000,0000 0000 0000 0000,0000 0000 0000 0000,0000 0000 0000 0000,0000 0000 0000 0000,0000 0000 0000 0000,0000 0000 0000 0000,0000 0000 0000 0000,0000 0000 0000 0000,0000 0000 0000 0000,0000 0000 0000 0000,0000 0000 0000 0000,0000 0000 0000 0000,0000 0000 0000 0000,0000 0000 0000 0000,0000 0000 0000 0000,0000 0000 0000 0000,0000 0000 0000 0000,0000 0000 0000 0000,0000 0000 0000 0000,0000 0000 0000 0000,0000 0000 0000 0000,0000 0000 0000 0000,0000 0000 0000 0000,0000 0000 0000 0000,0000 0000 0000 0000,0000 0000 0000 0000,0000 0000 0000 0000,0000 0000 0000 0000,0000 0000 0000 0000,0000 0000 0000 0000,0000 0000 0000 0000,0000 0000 0000 0000,0000 0000 0000 0000,0000 0000 0000 0000,0000 0000 0000 0000,0000 0000 0000 0000,0000 0000 0000 0000
Median(µm),3.23439,6.32419,3.38423,9.1162,5.38266,3.26457,4.82464,4.58883,3.79476,13.6925,5.73581,2.80616,3.03764,6.17628,2.11656,3.24539,2.88333,2.57502,1.21683,2.77123,0.912999,0.933066,0.949927,0.935495,0.924264,0.919258,0.948857,0.930618,0.91482,0.845675,1.04356,0.888248,1.09342,0.96892,0.951214,0.941728,0.934644,0.934671,0.936707,0.919374,0.959268,0.974336,1.04188,0.850786,0.873374,2.97523
Mean(µm),3.11095,5.0446,4.86208,7.94211,5.5822,3.7623,6.55852,4.16754,3.69156,11.7175,4.34307,2.79071,4.21992,6.20405,2.02422,2.8671,2.61048,2.17717,1.2064,2.25713,1.66111,2.16713,2.57679,2.23888,2.10832,1.88914,3.00442,2.60043,2.46493,0.992425,4.96173,1.40119,4.35616,2.41336,2.16472,1.89743,1.80963,1.92002,2.10143,1.92174,2.86905,3.80088,6.02277,1.05879,1.36882,3.42953
Geo. Mean(µm),2.57221,4.24271,3.64009,6.86211,4.68583,3.01489,5.02091,3.5897,3.07362,10.1082,3.54954,2.36647,3.22838,4.98316,1.8478,2.57493,2.34725,2.03833,1.16161,2.10568,1.12055,1.22829,1.305,1.23177,1.18674,1.15356,1.39611,1.31678,1.28171,0.900411,2.10367,1.07713,1.90395,1.29769,1.21674,1.15411,1.13297,1.16218,1.19441,1.13802,1.41498,1.60868,2.15836,0.919094,1.05039,2.35329
Mode(µm),5.82942,6.7317,8.35363,11.1397,9.64662,6.7317,10.3663,6.7317,5.82942,13.8237,6.7317,4.37144,7.77365,9.64662,3.05053,3.27812,3.52269,2.64165,1.59634,2.83874,0.897687,0.897687,0.897687,0.897687,0.897687,0.897687,0.835363,0.835363,0.835363,0.777365,13.8237,0.723394,14.8551,0.897687,0.897687,0.897687,0.897687,0.897687,0.897687,0.897687,0.835363,14.8551,19.8096,0.835363,0.835363,7.77365
Geo. Std. Dev.,1.95096,1.98707,2.31028,1.88999,1.92874,2.04335,2.288,1.85666,1.96089,2.01787,2.03587,1.85948,2.18183,2.12193,1.57778,1.67276,1.66324,1.49988,1.32909,1.49832,2.07407,2.37938,2.57882,2.40174,2.32476,2.20509,2.82639,2.63034,2.58837,1.48551,3.70637,1.89512,3.35693,2.48387,2.33072,2.16333,2.11231,2.20062,2.30558,2.1989,2.77465,3.21701,4.06077,1.56426,1.87985,2.55108
Total Conc.(mg/m³),0.000192611,0.000334647,0.00021635,0.000831274,0.000532902,0.00023668,0.000352631,0.00025037,0.000173796,0.000526933,0.000216477,0.000134754,0.000214768,0.000329775,4.32298e-005,3.52845e-005,1.56682e-005,5.10252e-006,2.18717e-006,6.0597e-006,0.0151171,0.0601466,0.0986618,0.0951183,0.0907759,0.0863384,0.0570612,0.0241046,0.0105473,0.00391409,0.00239266,0.00084012,0.00235082,0.0392244,0.0812133,0.108627,0.104694,0.100474,0.0962912,0.0500702,0.023796,0.0109331,0.00537075,0.00173613,0.00083311,0.000789499
