Sample File,C:\Users\VanceLab\Desktop\VL_CU_SMPS_APS_CADR_20220707\VL_CU_APS_CADR_Oransi_SCAN1.A21
Sample Time,155
Density,1
Stokes Correction,off
Lower Channel Bound,0.486968
Upper Channel Bound,20.5353
Sample #,1,2,3,4,5,6,7,8,9,10,11,12,13,14,15,16,17,18,19,20,21,22,23,24,25,26
Date,07/07/22,07/07/22,07/07/22,07/07/22,07/07/22,07/07/22,07/07/22,07/07/22,07/07/22,07/07/22,07/07/22,07/07/22,07/07/22,07/07/22,07/07/22,07/07/22,07/07/22,07/07/22,07/07/22,07/07/22,07/07/22,07/07/22,07/07/22,07/07/22,07/07/22,07/07/22
Start Time,11:05:00,11:08:00,11:11:00,11:14:00,11:17:00,11:20:00,11:23:00,11:26:00,11:29:00,11:32:00,11:35:00,11:38:00,11:41:00,11:44:00,11:47:00,11:50:00,11:53:00,11:56:00,11:59:00,12:02:00,12:05:00,12:08:00,12:11:00,12:14:00,12:17:00,12:20:00
Aerodynamic Diameter,dM,dM,dM,dM,dM,dM,dM,dM,dM,dM,dM,dM,dM,dM,dM,dM,dM,dM,dM,dM,dM,dM,dM,dM,dM,dM
<0.523,1.74814e-006,1.04066e-006,5.7997e-007,3.6608e-007,2.50909e-007,0.000560543,0.00184814,0.00119425,0.00058097,0.000271702,0.000128585,6.42533e-005,3.14624e-005,1.55235e-005,7.64244e-006,3.9076e-006,2.11833e-006,1.06945e-006,7.03368e-007,4.31893e-007,2.79702e-007,1.85097e-007,1.64531e-007,1.7687e-007,1.60417e-007,9.04918e-008
0.542,1.0214e-006,4.13425e-007,5.10701e-007,9.72765e-008,7.29573e-008,0.000648737,0.00206041,0.00129993,0.000617511,0.000274684,0.00012877,6.05546e-005,3.04962e-005,1.45185e-005,6.83367e-006,2.86966e-006,1.72666e-006,1.07004e-006,6.32297e-007,2.91829e-007,1.21596e-007,2.43191e-007,2.43191e-007,2.6751e-007,7.29573e-008,7.29573e-008
0.583,1.17696e-006,6.0357e-007,3.31964e-007,1.20714e-007,2.1125e-007,0.0010762,0.00349105,0.00223819,0.00106726,0.000492634,0.000234396,0.000113894,5.66149e-005,2.57423e-005,1.29466e-005,5.94517e-006,3.28946e-006,1.59946e-006,1.17696e-006,8.75177e-007,5.13035e-007,2.71607e-007,3.31964e-007,3.31964e-007,9.05355e-008,1.50893e-007
0.626,9.73691e-007,5.24295e-007,3.37047e-007,7.48993e-008,1.49799e-007,0.00154577,0.00511278,0.00331107,0.00161105,0.000759104,0.000365958,0.000179796,8.82688e-005,4.3891e-005,1.97734e-005,1.07855e-005,5.31785e-006,3.33302e-006,1.68523e-006,1.01114e-006,7.48993e-007,2.24698e-007,5.99194e-007,2.62148e-007,1.49799e-007,3.74497e-007
0.673,6.04145e-007,4.18254e-007,4.64727e-007,5.57672e-007,1.39418e-007,0.00193926,0.0065408,0.00427786,0.00213802,0.00103825,0.00050316,0.000246863,0.00012227,5.97639e-005,3.01143e-005,1.42671e-005,6.73854e-006,3.90371e-006,2.50953e-006,1.30124e-006,1.06887e-006,5.112e-007,5.112e-007,3.71781e-007,4.18254e-007,3.25309e-007
0.723,1.03805e-006,2.88349e-007,4.03688e-007,2.30679e-007,2.88349e-007,0.0022437,0.00763264,0.00504437,0.00253112,0.00124232,0.000619661,0.000301613,0.000149595,7.30099e-005,3.58706e-005,1.82236e-005,9.28482e-006,5.7093e-006,2.71048e-006,1.9031e-006,8.65046e-007,9.22715e-007,2.88349e-007,4.61358e-007,4.61358e-007,4.03688e-007
0.777,5.00952e-007,4.29387e-007,1.43129e-007,7.15645e-008,1.43129e-007,0.00254083,0.00870525,0.00577483,0.0029003,0.0014338,0.000707845,0.000348161,0.000178267,8.7595e-005,4.01477e-005,2.0539e-005,1.15935e-005,5.93986e-006,3.64979e-006,2.50476e-006,1.14503e-006,1.2166e-006,1.28816e-006,6.44081e-007,7.15645e-007,3.57823e-007
0.835,2.66421e-007,2.66421e-007,8.88071e-008,8.88071e-008,2.66421e-007,0.00284849,0.0096734,0.00638461,0.00319599,0.00157775,0.000785499,0.000384801,0.000188538,8.80079e-005,4.467e-005,2.40667e-005,1.31435e-005,6.74934e-006,3.99632e-006,2.13137e-006,9.76878e-007,7.10457e-007,7.10457e-007,6.2165e-007,6.2165e-007,3.55229e-007
0.898,6.61225e-007,2.20408e-007,2.20408e-007,1.10204e-007,0,0.00316738,0.0107949,0.00704535,0.00348388,0.0017399,0.000863008,0.000409849,0.000207184,0.000102159,4.95919e-005,2.47959e-005,1.41061e-005,6.94286e-006,3.96735e-006,2.7551e-006,1.54286e-006,1.21225e-006,9.91837e-007,7.71429e-007,5.51021e-007,2.20408e-007
0.965,8.20539e-007,1.36756e-007,4.10269e-007,4.10269e-007,1.36756e-007,0.00353091,0.0118736,0.00777515,0.00382932,0.00185059,0.000922559,0.00045198,0.000216075,0.000114192,5.63436e-005,2.40691e-005,1.47697e-005,9.43619e-006,5.05999e-006,3.1454e-006,1.23081e-006,1.64108e-006,1.77783e-006,6.83782e-007,4.10269e-007,0
1.037,8.48531e-007,1.69706e-007,0,0,6.78825e-007,0.00392853,0.0131286,0.00847954,0.00420837,0.0020604,0.00100805,0.000506743,0.000258123,0.000124225,5.87183e-005,2.83409e-005,1.68009e-005,9.33384e-006,3.73354e-006,2.03647e-006,1.69706e-006,1.01824e-006,1.01824e-006,1.01824e-006,3.39412e-007,1.69706e-007
1.114,6.31785e-007,8.42379e-007,6.31785e-007,4.2119e-007,0,0.00418473,0.0141859,0.00923585,0.00456338,0.00220472,0.00107319,0.000538912,0.000274405,0.000133517,6.38102e-005,2.75879e-005,1.41099e-005,9.47677e-006,5.47547e-006,3.36952e-006,1.47416e-006,1.89535e-006,1.68476e-006,2.10595e-007,4.2119e-007,8.42379e-007
1.197,2.61335e-007,0,5.2267e-007,2.61335e-007,0,0.00457075,0.0156597,0.010064,0.00495727,0.00240873,0.00117,0.000581732,0.000289559,0.000130929,6.19364e-005,2.90082e-005,1.38508e-005,7.84005e-006,3.65869e-006,2.61335e-006,1.56801e-006,7.84005e-007,1.30668e-006,2.61335e-007,0,2.61335e-007
1.286,0,6.48601e-007,6.48601e-007,0,3.24301e-007,0.00519659,0.0174545,0.0112344,0.00539928,0.00253409,0.00125796,0.000606442,0.000292195,0.000144638,6.68059e-005,3.40516e-005,1.84851e-005,1.00533e-005,1.9458e-006,1.6215e-006,2.2701e-006,9.72902e-007,6.48601e-007,9.72902e-007,3.24301e-007,3.24301e-007
1.382,0,4.02437e-007,1.20731e-006,0,0,0.00600637,0.020047,0.0126558,0.00604018,0.00284603,0.00138519,0.000635045,0.000313901,0.000129585,6.55972e-005,3.2195e-005,1.36829e-005,7.24386e-006,4.82924e-006,2.01218e-006,8.04874e-007,8.04874e-007,2.81706e-006,0,0,0
1.486,0,9.98798e-007,0,0,4.99399e-007,0.00725327,0.0240885,0.0149465,0.00708448,0.00324859,0.00154015,0.000726626,0.000305133,0.000151318,6.89171e-005,2.99639e-005,1.69796e-005,8.48978e-006,6.99159e-006,1.9976e-006,1.9976e-006,0,1.4982e-006,4.99399e-007,4.99399e-007,0
1.596,6.19723e-007,6.19723e-007,6.19723e-007,0,6.19723e-007,0.00887939,0.0294623,0.0178282,0.00818035,0.00382493,0.00177613,0.000807499,0.000366256,0.000165466,6.44512e-005,3.40848e-005,1.7972e-005,8.67612e-006,3.71834e-006,2.47889e-006,2.47889e-006,1.23945e-006,6.19723e-007,6.19723e-007,0,0
1.715,7.69038e-007,7.69038e-007,7.69038e-007,0,1.53808e-006,0.0102843,0.0336685,0.0202365,0.00916924,0.00424048,0.00198796,0.000870551,0.000438352,0.000174572,8.69013e-005,3.30686e-005,1.76879e-005,1.15356e-005,8.45942e-006,3.84519e-006,7.69038e-007,1.53808e-006,1.53808e-006,7.69038e-007,0,0
1.843,9.54328e-007,1.90866e-006,0,0,9.54328e-007,0.0109528,0.0361185,0.0212376,0.00989638,0.00451684,0.00210811,0.00095242,0.000409407,0.000173688,0.000106885,5.15337e-005,2.29039e-005,1.04976e-005,3.81731e-006,2.86298e-006,1.90866e-006,1.90866e-006,9.54328e-007,0,0,0
1.981,0,1.18426e-006,1.18426e-006,0,0,0.010688,0.035908,0.0217348,0.00987319,0.00456296,0.00217786,0.000974648,0.000401465,0.000168165,9.82937e-005,5.56603e-005,2.2501e-005,2.01325e-005,8.28983e-006,2.36852e-006,2.36852e-006,0,2.36852e-006,1.18426e-006,1.18426e-006,0
2.129,0,2.93919e-006,0,0,0,0.011651,0.0387885,0.0233401,0.0105811,0.00480705,0.00224554,0.000939072,0.000495254,0.000173412,0.000101402,5.14358e-005,2.35135e-005,1.02872e-005,4.40879e-006,4.40879e-006,0,0,1.4696e-006,2.93919e-006,0,0
2.288,0,0,0,1.82368e-006,3.64735e-006,0.0147517,0.0468758,0.027408,0.0118648,0.00503335,0.00217382,0.00106867,0.000506982,0.000240725,8.93601e-005,4.01209e-005,1.27657e-005,5.47103e-006,1.82368e-006,3.64735e-006,0,1.82368e-006,0,0,0,0
2.458,0,0,0,0,0,0.0191026,0.0594486,0.0317214,0.0135603,0.00577309,0.00251653,0.00104327,0.000518243,0.000194624,9.27858e-005,3.84722e-005,1.35784e-005,6.78921e-006,6.78921e-006,2.26307e-006,0,0,2.26307e-006,0,0,0
2.642,0,0,0,0,0,0.0191977,0.0584975,0.0312679,0.0123286,0.00527123,0.00235057,0.00102223,0.000398782,0.000162883,5.89749e-005,3.65083e-005,1.685e-005,8.42498e-006,2.80833e-006,0,0,0,5.61665e-006,0,0,0
2.839,0,0,0,0,0,0.0145497,0.0461444,0.0249663,0.0104514,0.00427605,0.00207007,0.000798056,0.000351981,0.000125459,4.87894e-005,6.96992e-006,1.04549e-005,3.48496e-006,3.48496e-006,0,0,0,0,0,0,0
3.051,4.32462e-006,0,0,0,0,0.016386,0.0515667,0.0268083,0.0106602,0.00466194,0.00198932,0.000722211,0.000272451,7.35185e-005,3.89216e-005,1.72985e-005,8.64924e-006,0,4.32462e-006,0,0,4.32462e-006,0,0,0,0
3.278,5.36658e-006,0,0,0,0,0.0244984,0.0701466,0.032543,0.0123914,0.00495872,0.00146508,0.000477626,0.000112698,7.51322e-005,1.07332e-005,1.07332e-005,5.36658e-006,0,0,0,0,0,0,0,0,0
3.523,0,0,0,0,0,0.0233818,0.0685805,0.0290159,0.0103024,0.0028836,0.00105222,0.00032632,9.32343e-005,5.99363e-005,6.65959e-006,6.65959e-006,0,0,0,0,0,0,0,0,0,0
3.786,0,8.26414e-006,0,8.26414e-006,8.26414e-006,0.0176439,0.0533202,0.022214,0.00708237,0.00209083,0.000743773,0.000247924,9.91697e-005,4.95849e-005,2.47924e-005,1.65283e-005,0,0,0,0,0,0,8.26414e-006,0,0,0
4.068,0,0,0,0,0,0.0178545,0.0511021,0.0196902,0.00595832,0.00175365,0.000594807,0.000225616,5.12764e-005,4.10211e-005,1.02553e-005,0,0,0,1.02553e-005,0,0,0,0,0,0,0
4.371,0,1.27262e-005,0,0,1.27262e-005,0.0239125,0.06344,0.0227035,0.00567587,0.00134897,0.000419964,0.000114536,1.27262e-005,0,0,0,0,0,0,0,0,0,1.27262e-005,0,0,0
4.698,0,0,0,0,0,0.0208302,0.0552418,0.0185403,0.00405864,0.000836997,0.000236886,0.000110547,1.57924e-005,0,0,0,0,0,0,0,0,0,0,0,0,0
5.048,0,1.95974e-005,0,0,0,0.0184411,0.0485623,0.0148352,0.00305719,0.000509532,0.000117584,1.95974e-005,0,0,0,0,0,0,0,0,0,0,0,0,0,0
5.425,2.43191e-005,0,0,0,0,0.0198687,0.0475195,0.0127432,0.00204281,0.000340468,2.43191e-005,0,0,0,0,0,0,0,0,0,0,0,0,0,0,0
5.829,0,0,0,0,0,0.01859,0.0481951,0.010653,0.000995891,0.000271607,9.05355e-005,3.01785e-005,0,0,0,0,0,0,0,0,0,0,0,0,0,0
6.264,0,0,0,0,0,0.0199232,0.0426551,0.00625409,0.00101114,3.74496e-005,0,0,0,0,0,0,0,0,0,0,0,0,0,0,0,0
6.732,0,0,0,0,0,0.0160331,0.0316014,0.00469374,0.0005112,9.29454e-005,0,0,0,0,0,0,0,0,0,0,0,0,0,0,0,0
7.234,0,0,0,0,0,0.0166665,0.0332178,0.00334484,0.000288349,0,0,0,0,0,0,0,0,0,0,0,0,0,0,0,0,0
7.774,0,0,0,0,0,0.00901713,0.0190362,0.00264789,0.000286258,0,0,0,7.15645e-005,0,0,0,0,0,0,0,0,0,0,0,0,0
8.354,0,0,0,0,0,0.00772622,0.0148308,0.00115449,0.000355228,0,0,0,0,0,0,0,0,0,0,0,0,0,0,0,0,0
8.977,0,0,0,0,0,0.00639184,0.00980817,0.000771429,0.000220408,0,0,0,0,0,0,0,0,0,0,0,0,0,0,0,0,0
9.647,0,0,0,0,0,0.00341891,0.00670106,0.000547026,0,0,0,0,0,0,0,0,0,0,0,0,0,0,0,0,0,0
10.37,0,0,0,0,0,0.00203647,0.00526089,0.000169706,0,0,0,0,0,0,0,0,0,0,0,0,0,0,0,0,0,0
11.14,0,0,0,0,0,0.00273773,0.00336952,0.000210595,0,0,0,0,0,0,0,0,0,0,0,0,0,0,0,0,0,0
11.97,0,0,0,0,0,0.00156801,0.00209068,0,0,0,0,0,0,0,0,0,0,0,0,0,0,0,0,0,0,0
12.86,0,0,0,0,0,0.0012972,0.0016215,0,0,0,0,0,0,0,0,0,0,0,0,0,0,0,0,0,0,0
13.82,0,0,0,0,0,0.000402437,0.00201218,0,0,0,0,0,0,0,0,0,0,0,0,0,0,0,0,0,0,0
14.86,0,0,0,0,0,0.000499399,0.0019976,0,0,0,0,0,0,0,0,0,0,0,0,0,0,0,0,0,0,0
15.96,0,0,0,0,0,0.00123945,0.00185917,0,0,0,0,0,0,0,0,0,0,0,0,0,0,0,0,0,0,0
17.15,0,0,0,0,0,0.000769038,0,0,0,0,0,0,0,0,0,0,0,0,0,0,0,0,0,0,0,0
18.43,0,0,0,0,0,0.00286299,0,0,0,0,0,0,0,0,0,0,0,0,0,0,0,0,0,0,0,0
19.81,0,0,0,0,0,0,0,0,0,0,0,0,0,0,0,0,0,0,0,0,0,0,0,0,0,0
Event 1,323,173,97,52,41,97001,329064,215651,106848,51917,25217,12597,6178,3095,1533,803,416,217,143,95,55,37,28,30,28,15
Event 3,0,0,0,0,0,10958,73527,29112,6570,1471,341,83,16,5,0,0,0,0,0,0,0,0,1,0,0,0
Event 4,0,0,0,0,0,0,0,0,0,0,0,0,0,0,0,0,0,0,0,0,0,0,0,0,0,0
Dead Time,1,0,0,0,0,2548,8565,5234,2451,1139,542,259,126,59,28,14,7,4,2,1,0,0,0,0,0,0
Inlet Pressure,832,833.2,831.7,832.6,832.3,832.6,831.7,830.8,831.4,832,832.6,832.3,832,831.7,832.3,832.9,832,832,832,832,832.3,832.3,831.4,832,831.7,831.7
Total Flow,4.96,4.97,4.96,4.97,4.97,4.97,4.95,4.96,4.96,4.97,4.97,4.96,4.96,4.97,4.96,4.96,4.97,4.97,4.96,4.97,4.96,4.96,4.96,4.96,4.96,4.96
Sheath Flow,3.97,3.96,3.98,3.98,3.97,3.97,3.97,3.98,3.97,3.98,3.98,3.97,3.99,4,3.99,3.96,3.99,3.98,3.93,4,3.96,3.99,3.96,3.99,3.97,3.97
Analog Input Voltage 0,0,0,0,0,0,0,0,0,0,0,0,0,0,0,0,0,0,0,0,0,0,0,0,0,0,0
Analog Input Voltage 1,0,0,0,0,0,0,0,0,0,0,0,0,0,0,0,0,0,0,0,0,0,0,0,0,0,0
Digital Input Level 0,0,0,0,0,0,0,0,0,0,0,0,0,0,0,0,0,0,0,0,0,0,0,0,0,0,0
Digital Input Level 1,0,0,0,0,0,0,0,0,0,0,0,0,0,0,0,0,0,0,0,0,0,0,0,0,0,0
Digital Input Level 2,0,0,0,0,0,0,0,0,0,0,0,0,0,0,0,0,0,0,0,0,0,0,0,0,0,0
Laser Power,75,75,75,75,75,75,75,75,75,75,75,75,75,75,75,75,75,75,75,75,75,75,75,75,75,75
Laser Current,41,41,41.1,41.1,41.2,41.2,41.2,41.3,41.3,41.4,41.4,41.4,41.4,41.4,41.4,41.5,41.5,41.5,41.5,41.5,41.5,41.5,41.6,41.6,41.6,41.6
Sheath Pump Voltage,2.757,2.752,2.742,2.755,2.75,2.767,2.744,2.738,2.747,2.757,2.759,2.755,2.769,2.774,2.759,2.767,2.773,2.755,2.756,2.753,2.761,2.751,2.754,2.762,2.763,2.761
Total Pump Voltage,2.894,2.888,2.891,2.89,2.884,2.888,2.89,2.887,2.889,2.883,2.887,2.884,2.882,2.884,2.887,2.885,2.88,2.882,2.884,2.881,2.881,2.876,2.876,2.881,2.878,2.88
Box Temperature,28.8,29,29.1,29.2,29.4,29.1,28.9,28.6,28.5,28.6,28.6,28.8,28.8,28.8,28.9,28.9,28.9,28.9,29,29,29.1,29.2,28.9,29.2,29.2,29
Avalanch Photo Diode Temperature,23.6,24.1,24.1,24.6,24.6,24.6,24.6,25.1,25.1,25.1,25.1,25.1,25.1,25.6,25.6,25.6,25.6,25.6,25.6,25.6,25.6,25.6,26.1,26.1,26.1,26.1
Avalanch Photo Diode Voltage,228,228,229,229,229,229,229,229,229,229,229,229,229,229,229,229,229,229,229,229,229,229,229,230,230,230
Status Flags,0000 0000 0000 0000,0000 0000 0000 0000,0000 0000 0000 0000,0000 0000 0000 0000,0000 0000 0000 0000,0000 0000 0000 0000,0000 0000 0000 0000,0000 0000 0000 0000,0000 0000 0000 0000,0000 0000 0000 0000,0000 0000 0000 0000,0000 0000 0000 0000,0000 0000 0000 0000,0000 0000 0000 0000,0000 0000 0000 0000,0000 0000 0000 0000,0000 0000 0000 0000,0000 0000 0000 0000,0000 0000 0000 0000,0000 0000 0000 0000,0000 0000 0000 0000,0000 0000 0000 0000,0000 0000 0000 0000,0000 0000 0000 0000,0000 0000 0000 0000,0000 0000 0000 0000
Median(µm),5.26433,4.3468,1.26772,3.72001,3.84083,3.62549,3.29094,2.58797,2.28991,2.08819,1.97217,1.87017,1.78523,1.69982,1.67595,1.66372,1.53577,1.46643,1.63611,1.34242,1.23199,1.33532,2.57836,1.2931,0.939439,0.847704
Mean(µm),3.84595,3.79876,1.24238,2.9982,3.37679,4.20446,3.70766,2.85767,2.4517,2.19701,2.06792,1.96297,1.89754,1.80203,1.72332,1.71708,1.61389,1.51984,1.82067,1.42741,1.26119,1.61722,2.66664,1.3938,1.13315,0.904554
Geo. Mean(µm),3.10646,3.36171,1.14857,2.62334,3.06416,3.47771,3.11361,2.46939,2.15189,1.95787,1.85346,1.76194,1.69137,1.62092,1.56335,1.55552,1.46968,1.40038,1.59,1.31448,1.18823,1.42699,2.27197,1.27586,1.04939,0.87556
Mode(µm),5.42469,5.04807,1.38237,3.78552,4.37144,3.27812,3.27812,3.27812,2.45824,2.45824,2.45824,2.28757,2.45824,2.28757,1.84342,1.98096,2.12875,1.98096,4.06794,2.12875,1.59634,3.05053,4.37144,2.12875,1.98096,1.11397
Geo. Std. Dev.,2.1477,1.77523,1.50805,1.81561,1.64627,1.89162,1.84839,1.75215,1.69521,1.64528,1.62357,1.61445,1.61985,1.60282,1.57193,1.5766,1.55594,1.51377,1.68648,1.5138,1.42296,1.64954,1.83018,1.54085,1.4659,1.29256
Total Conc.(mg/m³),4.69066e-005,5.5412e-005,9.0741e-006,1.28985e-005,3.09113e-005,0.465296,1.29095,0.560243,0.215011,0.088076,0.0388351,0.0169082,0.00761772,0.0033168,0.00152892,0.000729691,0.000348241,0.00018349,0.000110905,5.18764e-005,2.58297e-005,2.34487e-005,5.17005e-005,1.30673e-005,6.42047e-006,3.94902e-006
