Sample File,C:\Users\VanceLab\Desktop\VL_CU_SMPS_APS_CADR_20220705\VL_CU_APS_CADR_20220705.A21
Sample Time,155
Density,1
Stokes Correction,off
Lower Channel Bound,0.486968
Upper Channel Bound,20.5353
Sample #,1,2,3,4,5,6,7,8,9,10,11,12,13,14,15,16,17,18,19,20,21,22,23,24,25,26,27,28,29,30,31,32,33
Date,07/05/22,07/05/22,07/05/22,07/05/22,07/05/22,07/05/22,07/05/22,07/05/22,07/05/22,07/05/22,07/05/22,07/05/22,07/05/22,07/05/22,07/05/22,07/05/22,07/05/22,07/05/22,07/05/22,07/05/22,07/05/22,07/05/22,07/05/22,07/05/22,07/05/22,07/05/22,07/05/22,07/05/22,07/05/22,07/05/22,07/05/22,07/05/22,07/05/22
Start Time,12:50:00,12:53:00,12:56:00,12:59:00,13:02:00,13:05:00,13:08:00,13:11:00,13:14:00,13:17:00,13:20:00,13:23:00,13:26:00,13:29:00,13:32:00,13:35:00,13:38:01,13:41:00,13:44:00,13:47:00,13:50:00,13:53:00,13:56:00,13:59:00,14:02:01,14:05:00,14:08:00,14:11:00,14:14:00,14:17:00,14:20:00,14:23:00,14:26:00
Aerodynamic Diameter,dM,dM,dM,dM,dM,dM,dM,dM,dM,dM,dM,dM,dM,dM,dM,dM,dM,dM,dM,dM,dM,dM,dM,dM,dM,dM,dM,dM,dM,dM,dM,dM,dM
<0.523,7.52727e-007,4.19553e-007,1.80984e-007,1.39851e-007,3.24948e-007,1.52191e-007,1.11058e-007,9.46051e-008,6.1699e-008,8.63785e-008,0.000525766,0.00137045,0.00132804,0.00127033,0.00122656,0.00116338,0.00113218,0.00109491,0.00106482,0.0010329,0.000982523,0.000967144,0.000929441,0.000896696,0.000875891,0.000851783,0.000829431,0.00079748,0.000766749,0.000751358,0.000728521,0.000707601,0.000683147
0.542,3.89106e-007,1.70234e-007,7.29573e-008,9.72765e-008,1.21596e-007,9.72765e-008,7.29573e-008,7.29573e-008,0,4.86382e-008,0.000503406,0.00123023,0.001177,0.00110151,0.00104186,0.000948616,0.000914107,0.000879501,0.000858343,0.000835362,0.000763596,0.000757492,0.000721597,0.000683659,0.000679014,0.000659413,0.000657686,0.000616879,0.000574053,0.000577992,0.000561674,0.000541246,0.000516878
0.583,5.13035e-007,3.31964e-007,1.20714e-007,3.01785e-008,6.0357e-008,6.0357e-008,3.01785e-008,6.0357e-008,3.01785e-008,0,0.000915314,0.00230965,0.00222633,0.00209623,0.00201399,0.00188468,0.00181319,0.00174628,0.00169576,0.00164699,0.00154683,0.00152187,0.0014703,0.00138703,0.00136612,0.00133981,0.00131032,0.00124185,0.00118834,0.00117892,0.00114479,0.00109871,0.00105202
0.626,4.49396e-007,2.62148e-007,3.74497e-008,3.74497e-008,1.12349e-007,3.74497e-008,7.48993e-008,1.12349e-007,0,0,0.00146349,0.00379522,0.00368224,0.00352495,0.00338923,0.00321831,0.00313907,0.00303383,0.0029371,0.00286763,0.00272038,0.00266267,0.00257099,0.0024661,0.00241232,0.00232757,0.00228945,0.00220047,0.00213227,0.00206449,0.00200228,0.00194135,0.00186818
0.673,3.25309e-007,2.78836e-007,1.39418e-007,1.39418e-007,9.29454e-008,4.64727e-008,1.39418e-007,4.64727e-008,1.39418e-007,1.39418e-007,0.00209629,0.0055369,0.0053827,0.005216,0.00505674,0.00487387,0.0047338,0.00459252,0.00447546,0.00433627,0.00415852,0.00408281,0.003936,0.00380379,0.0036871,0.00360568,0.00348299,0.00335068,0.00324542,0.00317315,0.00306664,0.00296737,0.00287043
0.723,2.30679e-007,1.15339e-007,1.73009e-007,2.88349e-007,2.30679e-007,1.15339e-007,5.76697e-008,1.73009e-007,1.15339e-007,5.76697e-008,0.00267109,0.00708461,0.00700122,0.00684113,0.00666039,0.00646327,0.00628617,0.00611449,0.00590238,0.005736,0.00557914,0.00539898,0.005239,0.00505786,0.0049066,0.00477286,0.0046126,0.00447459,0.00434391,0.004184,0.00406162,0.0039389,0.00381329
0.777,7.15645e-007,1.43129e-007,7.15645e-008,2.14694e-007,2.14694e-007,7.15645e-008,0,7.15645e-008,7.15645e-008,0,0.00313202,0.008575,0.00841613,0.00820072,0.00802567,0.00783982,0.00762577,0.0073748,0.00718529,0.00690447,0.00674166,0.00651616,0.00632523,0.00614253,0.00591989,0.00575228,0.00560093,0.00537127,0.00520782,0.00504959,0.00488049,0.00467896,0.00459981
0.835,5.32843e-007,8.88071e-008,0,1.77614e-007,8.88071e-008,8.88071e-008,0,1.77614e-007,0,8.88071e-008,0.00354136,0.00967207,0.0094664,0.00926791,0.00903968,0.00880976,0.00857593,0.00829547,0.00809859,0.00781467,0.00754008,0.00730501,0.0070647,0.00686426,0.00662297,0.0063823,0.00616801,0.00598276,0.00578516,0.00562611,0.00538029,0.00518181,0.00509016
0.898,6.61225e-007,0,1.10204e-007,1.10204e-007,1.10204e-007,2.20408e-007,1.10204e-007,2.20408e-007,0,1.10204e-007,0.00391401,0.0107245,0.010536,0.0103071,0.00998053,0.0096941,0.00937936,0.0090698,0.00879142,0.00851867,0.00820602,0.0079196,0.00769544,0.0074541,0.00719468,0.00689525,0.00669104,0.00648408,0.00618333,0.00603764,0.00581657,0.0055955,0.00536264
0.965,2.73513e-007,5.47026e-007,0,2.73513e-007,2.73513e-007,1.36756e-007,0,0,0,0,0.00439713,0.0118956,0.011726,0.0113831,0.0110041,0.0106684,0.0102969,0.00992387,0.00963504,0.00924542,0.00897177,0.00866133,0.00828074,0.0080075,0.00768448,0.0074896,0.00712884,0.00692972,0.00667686,0.00641306,0.00616211,0.00586794,0.00569686
1.037,5.09119e-007,5.09119e-007,1.69706e-007,1.69706e-007,1.69706e-007,0,0,0,0,3.39412e-007,0.00488075,0.0132391,0.0130234,0.0127563,0.0123078,0.0118289,0.0113746,0.0110092,0.010581,0.0102367,0.00984635,0.00947029,0.00903719,0.00877194,0.00833648,0.00808735,0.00772129,0.00740581,0.00716551,0.00682949,0.00660615,0.00630543,0.00610433
1.114,0,4.2119e-007,2.10595e-007,0,4.2119e-007,4.2119e-007,2.10595e-007,0,2.10595e-007,0,0.00535627,0.0146344,0.0144468,0.0140749,0.013588,0.0129796,0.0125367,0.0119898,0.0116057,0.0110634,0.0106473,0.0101064,0.00977202,0.00939843,0.00894101,0.00857226,0.00823847,0.00787814,0.00762164,0.00724678,0.00687445,0.00663984,0.00641135
1.197,0,5.2267e-007,0,2.61335e-007,0,5.2267e-007,0,0,0,2.61335e-007,0.00581523,0.0159145,0.0157528,0.0151595,0.0147247,0.0139765,0.0135,0.0128522,0.0124207,0.01196,0.0114757,0.0108404,0.0104411,0.00997621,0.00943733,0.00907565,0.00862458,0.0082412,0.00796889,0.00756147,0.00718384,0.00684724,0.00656343
1.286,3.24301e-007,3.24301e-007,6.48601e-007,0,6.48601e-007,0,0,0,3.24301e-007,3.24301e-007,0.00636699,0.0172327,0.0169042,0.0163817,0.0156592,0.0149571,0.0142183,0.013644,0.0130323,0.012496,0.0118911,0.0113463,0.0107901,0.0102648,0.00971248,0.00932689,0.00894032,0.00836761,0.00799369,0.00766939,0.00721764,0.00692998,0.00653887
1.382,4.02437e-007,4.02437e-007,4.02437e-007,0,0,0,0,0,0,4.02437e-007,0.00727364,0.0199251,0.0196631,0.0187697,0.0177463,0.0171418,0.0161667,0.0153248,0.0145565,0.0138483,0.0132651,0.0125311,0.0119355,0.0113705,0.010661,0.0101571,0.00964319,0.00908944,0.00855339,0.00816585,0.00776583,0.00735655,0.00699798
1.486,9.98798e-007,0,0,4.99399e-007,0,9.98798e-007,0,0,4.99399e-007,0,0.00793395,0.0214946,0.0213343,0.0202551,0.0192174,0.0182336,0.0172108,0.016168,0.0154304,0.0144541,0.0136775,0.0130034,0.0123651,0.0116914,0.0109863,0.0104045,0.00988011,0.00920442,0.00887932,0.00823409,0.00791098,0.00730871,0.00697161
1.596,0,6.19723e-007,0,0,0,0,0,6.19723e-007,6.19723e-007,0,0.00939438,0.0254279,0.0245844,0.0235613,0.0224445,0.0207762,0.0195919,0.0185855,0.0175983,0.0164214,0.0153784,0.0144588,0.0137318,0.0129212,0.0122934,0.0114475,0.0106444,0.0100748,0.00963298,0.00897173,0.00836192,0.00797584,0.00745651
1.715,7.69038e-007,0,0,7.69038e-007,7.69038e-007,7.69038e-007,0,7.69038e-007,0,0,0.0111649,0.0303562,0.0292765,0.0277684,0.0259089,0.0243162,0.022895,0.0215161,0.0199265,0.0186884,0.0177133,0.0165289,0.0155161,0.0145556,0.0135643,0.0129268,0.0119385,0.0110634,0.0104781,0.00971218,0.00914924,0.00856708,0.00811335
1.843,0,0,0,0,0,0,0,0,0,0,0.0113603,0.0317791,0.0302312,0.0286508,0.0270647,0.0247448,0.0236168,0.0220469,0.0206488,0.0188337,0.0177696,0.0163791,0.0154868,0.0143226,0.0135391,0.0125236,0.0115149,0.0106904,0.0100844,0.00940109,0.00862808,0.00775678,0.00747907
1.981,1.18426e-006,0,0,0,0,0,0,1.18426e-006,0,0,0.0127202,0.0344999,0.0329876,0.030464,0.0286509,0.0261757,0.0244301,0.0227722,0.020798,0.0194657,0.0179037,0.0164103,0.0154191,0.0141401,0.0128919,0.0120392,0.0113772,0.0103682,0.00952857,0.00886775,0.00806009,0.00755322,0.00691964
2.129,0,0,0,0,0,1.4696e-006,0,1.4696e-006,0,0,0.0141625,0.0382683,0.0363152,0.0334024,0.0312392,0.0283514,0.0264366,0.0242204,0.0220866,0.0205685,0.018777,0.0170561,0.0160362,0.0143197,0.012953,0.0123314,0.0113188,0.0102108,0.00922465,0.00854717,0.00784176,0.00727303,0.00654999
2.288,0,0,0,0,1.82368e-006,0,0,0,0,0,0.01479,0.0401154,0.0377027,0.0353684,0.0323465,0.0291733,0.0264998,0.0238427,0.0220355,0.0199528,0.018576,0.0168581,0.0151967,0.0139876,0.0125834,0.0116971,0.0104497,0.00937734,0.0086114,0.00808983,0.00711416,0.00634275,0.00589959
2.458,0,0,0,0,0,2.26307e-006,0,0,0,0,0.0153029,0.0423941,0.0389972,0.0357723,0.0324117,0.0290623,0.0265616,0.023511,0.021386,0.0192089,0.0177606,0.0158053,0.0141351,0.0131326,0.0116888,0.0104644,0.00948905,0.00832809,0.00773517,0.00706078,0.00620307,0.00540421,0.00504212
2.642,0,0,0,0,0,0,0,0,0,0,0.0160777,0.0436835,0.0397406,0.0358062,0.0319784,0.0293611,0.0257018,0.0225144,0.0206075,0.018021,0.0165214,0.0142298,0.0129885,0.0114327,0.0101184,0.00909898,0.00784366,0.00697027,0.00627942,0.00522068,0.00471799,0.00388673,0.00375754
2.839,0,0,0,0,6.96992e-006,0,0,0,0,0,0.0159123,0.0427012,0.0391779,0.0345255,0.0301937,0.0264752,0.0235339,0.0202894,0.0178639,0.0160238,0.0136506,0.0118593,0.0106187,0.00915499,0.00826284,0.0069978,0.00590004,0.00507062,0.00459318,0.0041471,0.00341875,0.00279494,0.00274615
3.051,0,0,0,0,4.32462e-006,0,0,0,0,0,0.015028,0.0418796,0.0367074,0.0322054,0.0278505,0.0240665,0.0206068,0.0176271,0.0152875,0.0132247,0.0113867,0.0093801,0.0082038,0.00708805,0.005955,0.00508143,0.00443706,0.00379701,0.00322184,0.00284992,0.00251693,0.00185959,0.00167363
3.278,0,0,0,0,0,0,0,0,0,0,0.0145327,0.0387897,0.0342978,0.0291191,0.0259421,0.0219386,0.0183537,0.0151069,0.0135775,0.0112806,0.00931102,0.00787278,0.00670286,0.00571541,0.0045133,0.00398737,0.00315555,0.00258669,0.002152,0.00179244,0.00145971,0.00108942,0.000917686
3.523,0,0,0,0,0,6.65959e-006,0,0,0,0,0.0151905,0.0381462,0.0325055,0.02827,0.024514,0.0197324,0.016962,0.0139785,0.011934,0.00956984,0.0078783,0.00661964,0.0055208,0.00466172,0.00384259,0.00286363,0.00253731,0.00207113,0.00157166,0.00145179,0.00122537,0.000899045,0.0006593
3.786,0,0,0,8.26414e-006,0,0,0,0,0,0,0.0136772,0.0344697,0.0290485,0.0247346,0.0199496,0.0171894,0.0139416,0.0116359,0.00947897,0.00767739,0.00612373,0.00488411,0.00437173,0.00364449,0.00288419,0.00233875,0.00180158,0.00158672,0.00138011,0.00106607,0.000950376,0.000595018,0.000520641
4.068,0,0,0,0,0,0,0,0,0,0,0.0128806,0.0337912,0.0278841,0.0227257,0.018439,0.0145523,0.0112911,0.00980405,0.00733253,0.00578398,0.00505586,0.00386624,0.0034868,0.00253306,0.00214336,0.00152804,0.00142548,0.000994763,0.000830678,0.000758891,0.000553786,0.000471743,0.00036919
4.371,0,0,0,0,1.27262e-005,0,0,0,0,0,0.0118099,0.0322354,0.0246506,0.0194074,0.0151441,0.0115299,0.00873015,0.00761025,0.00566315,0.00468323,0.00369059,0.00268522,0.00229071,0.00171803,0.0011199,0.00113263,0.0011199,0.000623582,0.000674487,0.000534499,0.000381785,0.000292702,0.000279976
4.698,0,0,0,0,0,0,0,0,0,0,0.0119864,0.0291212,0.0229148,0.0167557,0.0129656,0.00990183,0.00737505,0.00522728,0.00420078,0.00347433,0.00252678,0.00203722,0.00131077,0.000915958,0.000868581,0.000868581,0.000679073,0.000457979,0.000568526,0.000205301,0.000173716,0.000236886,0.000126339
5.048,0,0,0,0,0,0,0,0,0,0,0.0110529,0.02677,0.0204205,0.0146196,0.0114253,0.00803492,0.00623196,0.00388028,0.00339034,0.0022537,0.00203813,0.00135222,0.00109745,0.000842687,0.000607518,0.000470337,0.000391947,0.000254766,0.000293961,0.000156779,0.000176376,0.000117584,0.000156779
5.425,0,0,0,0,0,0,0,0,0,0,0.0105302,0.0256323,0.0184339,0.0123541,0.00921694,0.00646888,0.00454767,0.00299125,0.00255351,0.00226168,0.0016537,0.000899807,0.000778212,0.000729573,0.000486382,0.00026751,0.000291829,0.000218872,0.00026751,7.29573e-005,7.29573e-005,2.43191e-005,0.000121596
5.829,0,0,0,0,0,0,0,0,0,0,0.00929498,0.0237807,0.0164473,0.0111962,0.00820855,0.00579427,0.00341017,0.00256517,0.00205214,0.0011166,0.000875177,0.00102607,0.00060357,0.000513035,0.000181071,0.000331964,0.000150893,0.000150893,0.000181071,0.000120714,6.0357e-005,3.01785e-005,0.000120714
6.264,0,0,0,0,0,3.74496e-005,0,0,0,0,0.00868832,0.0193989,0.0140062,0.00966201,0.00651624,0.00411946,0.00243423,0.00198483,0.00108604,0.00123584,0.000861342,0.000561745,0.000262148,7.48993e-005,0.000224698,0.000187248,0.000187248,0.000112349,7.48993e-005,0.000187248,7.48993e-005,7.48993e-005,3.74496e-005
6.732,0,0,0,0,0,0,0,0,0,0,0.00762152,0.0174273,0.0136165,0.00766799,0.00385723,0.00278836,0.0020448,0.00158007,0.000650618,0.000836508,0.000325309,0.000371781,0.000232363,0.000232363,0.000185891,9.29454e-005,0.000139418,4.64727e-005,4.64727e-005,0,0.000139418,0,0
7.234,0,0,0,0,0,0,0,0,0,0,0.00680503,0.0144751,0.00905414,0.00461358,0.00392154,0.00173009,0.00167242,0.00103805,0.000980385,0.000576697,0.000173009,5.76697e-005,0.000115339,0.000288349,5.76697e-005,0.000230679,0.000115339,5.76697e-005,0,0,0.000115339,5.76697e-005,0
7.774,0,0,0,0,0,0,0,0,0,0,0.0054389,0.011665,0.00794366,0.00386448,0.00257632,0.00164598,0.00107347,0.000715645,0.000644081,0.000572516,0.000214694,0.000143129,0,7.15645e-005,0.000143129,0,0,7.15645e-005,7.15645e-005,0,7.15645e-005,7.15645e-005,0
8.354,0,0,0,0,0,0,0,0,0,0,0.00293063,0.00852548,0.00479558,0.00328586,0.00150972,0.000976878,0.000888071,0.000532843,0.000355228,0.000355228,8.88071e-005,8.88071e-005,0.000355228,0.000177614,0,0,8.88071e-005,0,0,0,0,0,0
8.977,0,0,0,0,0,0,0,0,0,0,0.0027551,0.00672245,0.00440816,0.00231429,0.00110204,0.000881633,0,0.000330612,0.000220408,0.000110204,0.000110204,0.000110204,0.000110204,0,0.000110204,0.000110204,0,0,0.000110204,0.000110204,0.000110204,0,0
9.647,0,0,0,0,0,0,0,0,0,0,0.00136756,0.00396594,0.00164108,0.000547026,0.000547026,0.000547026,0.000136756,0,0.000273513,0.000273513,0.000273513,0,0,0,0,0,0,0,0,0,0,0,0
10.37,0,0,0,0,0,0,0,0,0,0,0.00169706,0.00237589,0.00152736,0.00135765,0.000169706,0,0,0,0.000169706,0,0.000339412,0,0,0,0,0,0,0,0,0,0,0,0
11.14,0,0,0,0,0,0,0,0,0,0,0,0.000631785,0.00105297,0.000631785,0.00042119,0,0,0,0,0,0,0,0,0,0,0,0,0,0,0,0,0,0
11.97,0,0,0,0,0,0,0,0,0,0,0.00104534,0.00052267,0.000261335,0.00052267,0,0.000261335,0,0,0,0,0,0,0,0,0,0,0,0,0,0,0,0,0
12.86,0,0,0,0,0,0,0,0,0,0,0.000648601,0.0012972,0.000324301,0,0.000324301,0,0,0,0,0,0,0,0,0,0,0,0,0,0,0,0,0,0
13.82,0,0,0,0,0,0,0,0,0,0,0,0.000402437,0,0,0,0,0,0,0,0,0,0,0,0,0,0,0,0,0,0,0,0,0
14.86,0,0,0,0,0,0,0,0,0,0,0.000499399,0.0014982,0,0,0,0,0,0,0,0,0,0,0,0,0,0,0,0,0,0,0,0,0
15.96,0,0,0,0,0,0,0,0,0,0,0.000619723,0,0.00123945,0.000619723,0,0,0,0,0,0,0,0,0,0,0,0,0,0,0,0,0,0,0
17.15,0,0,0,0,0,0,0,0,0,0,0,0,0,0.000769038,0,0,0,0,0,0,0,0,0,0,0,0,0,0,0,0,0,0,0
18.43,0,0,0,0,0,0,0,0,0,0,0,0,0,0,0,0,0,0,0,0,0,0,0,0,0,0,0,0,0,0,0,0,0
19.81,0,0,0,0,0,0,0,0,0,0,0,0,0,0,0,0,0,0,0,0,0,0,0,0,0,0,0,0,0,0,0,0,0
Event 1,105,60,29,19,63,24,14,12,6,15,98328,266927,261598,252619,245478,236715,230783,223969,217945,211822,203221,199523,192872,187362,182089,177346,172098,166470,161091,157195,152327,147994,143639
Event 3,0,0,0,0,0,0,0,0,0,0,11478,54080,50826,46162,41934,37587,34932,31559,28997,26594,24267,22333,20492,18530,17127,16011,14739,13459,12185,11355,10482,9618,8844
Event 4,0,0,0,0,0,0,0,0,0,0,0,1,1,0,0,0,0,0,0,0,0,0,0,0,0,0,0,0,0,0,0,0,0
Dead Time,0,0,0,0,0,0,0,0,0,0,2607,7091,6846,6524,6222,5879,5624,5356,5133,4905,4663,4469,4275,4080,3907,3759,3610,3436,3289,3169,3034,2903,2791
Inlet Pressure,829.6,830.2,829.9,829.6,829.6,829.3,829.9,829.3,829.6,829.9,829.6,829.3,829.3,828.8,829.1,829.3,829.1,828.8,828.5,828.2,829.6,829.1,828.5,828.5,829.3,828.5,828.2,828.5,827.9,828.2,828.5,828.8,828.2
Total Flow,4.96,4.96,4.96,4.97,4.96,4.96,4.97,4.96,4.96,4.96,4.96,4.96,4.96,4.96,4.96,4.96,4.97,4.97,4.96,4.96,4.97,4.96,4.96,4.96,4.96,4.96,4.97,4.97,4.96,4.97,4.96,4.96,4.96
Sheath Flow,3.98,3.99,3.98,3.99,3.99,3.98,4.01,3.98,3.96,3.96,3.98,3.98,3.98,3.97,3.99,3.96,3.97,4,3.97,3.97,3.98,3.99,3.99,3.99,3.97,3.98,3.99,3.98,3.97,3.97,3.96,4,3.99
Analog Input Voltage 0,0,0,0,0,0,0,0,0,0,0,0,0,0,0,0,0,0,0,0,0,0,0,0,0,0,0,0,0,0,0,0,0,0
Analog Input Voltage 1,0,0,0,0,0,0,0,0,0,0,0,0,0,0,0,0,0,0,0,0,0,0,0,0,0,0,0,0,0,0,0,0,0
Digital Input Level 0,0,0,0,0,0,0,0,0,0,0,0,0,0,0,0,0,0,0,0,0,0,0,0,0,0,0,0,0,0,0,0,0,0
Digital Input Level 1,0,0,0,0,0,0,0,0,0,0,0,0,0,0,0,0,0,0,0,0,0,0,0,0,0,0,0,0,0,0,0,0,0
Digital Input Level 2,0,0,0,0,0,0,0,0,0,0,0,0,0,0,0,0,0,0,0,0,0,0,0,0,0,0,0,0,0,0,0,0,0
Laser Power,75,75,75,75,75,75,75,75,75,75,75,75,75,75,75,75,75,75,75,75,75,75,75,75,75,75,75,75,75,75,75,75,75
Laser Current,41.2,41.2,41.3,41.3,41.3,41.4,41.4,41.4,41.5,41.5,41.5,41.5,41.6,41.6,41.6,41.6,41.6,41.6,41.6,41.6,41.6,41.6,41.6,41.6,41.6,41.6,41.6,41.6,41.6,41.6,41.6,41.6,41.6
Sheath Pump Voltage,2.729,2.723,2.711,2.698,2.706,2.704,2.709,2.706,2.706,2.711,2.721,2.713,2.718,2.71,2.709,2.71,2.708,2.706,2.72,2.704,2.734,2.718,2.716,2.716,2.732,2.721,2.71,2.719,2.708,2.735,2.727,2.733,2.72
Total Pump Voltage,2.885,2.879,2.883,2.881,2.873,2.877,2.875,2.876,2.877,2.877,2.871,2.874,2.876,2.88,2.878,2.88,2.875,2.874,2.876,2.875,2.875,2.878,2.876,2.88,2.873,2.875,2.874,2.87,2.871,2.872,2.872,2.869,2.875
Box Temperature,29,29.2,29.5,29.5,29.6,29.7,29.7,29.7,29.9,30,30,29.7,29.7,29.9,29.9,30,30,29.9,30,30,30.1,30,30,30.1,30.2,30,30.1,30,30,30.1,30.2,30.2,30.1
Avalanch Photo Diode Temperature,24.6,25.1,25.1,25.1,25.6,25.6,25.6,25.6,25.6,26.1,26.1,26.1,26.1,26.1,26.1,26.1,26.1,26.6,26.6,26.6,26.6,26.6,26.6,26.6,26.6,26.6,26.6,26.6,26.6,26.6,26.6,26.6,26.6
Avalanch Photo Diode Voltage,229,229,229,229,229,229,229,229,229,230,230,230,230,230,230,230,230,230,230,230,230,230,230,230,230,230,230,230,230,230,230,230,230
Status Flags,0000 0000 0000 0000,0000 0000 0000 0000,0000 0000 0000 0000,0000 0000 0000 0000,0000 0000 0000 0000,0000 0000 0000 0000,0000 0000 0000 0000,0000 0000 0000 0000,0000 0000 0000 0000,0000 0000 0000 0000,0000 0000 0000 0000,0000 0000 0000 0000,0000 0000 0000 0000,0000 0000 0000 0000,0000 0000 0000 0000,0000 0000 0000 0000,0000 0000 0000 0000,0000 0000 0000 0000,0000 0000 0000 0000,0000 0000 0000 0000,0000 0000 0000 0000,0000 0000 0000 0000,0000 0000 0000 0000,0000 0000 0000 0000,0000 0000 0000 0000,0000 0000 0000 0000,0000 0000 0000 0000,0000 0000 0000 0000,0000 0000 0000 0000,0000 0000 0000 0000,0000 0000 0000 0000,0000 0000 0000 0000,0000 0000 0000 0000
Median(µm),1.00777,1.06385,1.14513,3.73981,3.0702,6.18825,0.725842,1.93209,1.45833,1.18917,2.84798,2.7556,2.57691,2.41942,2.30179,2.2037,2.11322,2.03621,1.97821,1.92179,1.8682,1.8096,1.77318,1.73224,1.6927,1.66198,1.62737,1.58854,1.56535,1.53646,1.50673,1.46902,1.45261
Mean(µm),1.17006,1.05972,1.07025,3.08041,3.31247,5.27596,0.823634,1.70499,1.30983,1.11343,3.39061,3.25349,3.02272,2.80633,2.61355,2.47312,2.34656,2.25767,2.1905,2.1249,2.05664,1.97808,1.93551,1.88685,1.83613,1.80011,1.76437,1.71591,1.70073,1.66276,1.64224,1.59038,1.57372
Geo. Mean(µm),1.07055,1.00728,1.0254,2.71467,3.06348,4.8279,0.7958,1.6024,1.26026,1.08204,2.80312,2.71321,2.53611,2.37186,2.24214,2.13685,2.04355,1.97227,1.91644,1.86311,1.81091,1.75319,1.71882,1.68,1.64021,1.61016,1.58039,1.54388,1.52774,1.49939,1.47826,1.44189,1.4288
Mode(µm),1.98096,1.59634,1.2864,3.78552,4.37144,6.26434,1.11397,2.12875,1.59634,1.38237,2.64165,2.64165,2.64165,2.64165,2.45824,2.64165,2.45824,2.12875,2.12875,2.12875,2.12875,2.12875,2.12875,1.71544,1.71544,1.71544,1.71544,1.71544,1.71544,1.71544,1.71544,1.71544,1.71544
Geo. Std. Dev.,1.53014,1.38688,1.35711,1.7816,1.56053,1.63171,1.29956,1.47544,1.34485,1.28419,1.87678,1.84955,1.82319,1.7915,1.75212,1.72836,1.70372,1.69136,1.68312,1.67429,1.65881,1.64065,1.63252,1.62297,1.6118,1.60558,1.60018,1.58596,1.58726,1.57573,1.57656,1.55598,1.55202
Total Conc.(mg/m³),9.03143e-006,5.15647e-006,2.33764e-006,1.14722e-005,2.9483e-005,5.15802e-005,8.0698e-007,5.07196e-006,2.07222e-006,1.8586e-006,0.347773,0.907385,0.794261,0.689169,0.607522,0.535278,0.477871,0.429021,0.391072,0.355468,0.32499,0.294633,0.273146,0.251411,0.230642,0.214718,0.198817,0.182821,0.171899,0.160089,0.148942,0.137282,0.130088
